### 50 ms

Peer 4 has an average response time of 2.13. Deltas: [5, 3, 3, 2, 3, 3, 2, 3, 2, 4, 2, 2, 3, 3, 3, 3, 3, 3, 1, 2, 3, 2, 3, 1, 3, 2, 2, 2, 2, 2, 2, 2, 2, 2, 2, 3, 1, 3, 3, 3, 2, 2, 1, 1, 2, 3, 2, 2, 1, 2, 1, 2, 2, 3, 1, 2, 2, 3, 4, 2, 2, 2, 1, 3, 1, 1, 1, 3, 2, 2, 2, 2, 1, 2, 3, 2, 2, 2, 2, 2, 3, 1, 2, 2, 1, 1, 2, 1, 2, 2, 2, 1, 1, 2, 2, 2, 2, 1, 3, 2]
Peer 0 has an average response time of 2.09. Deltas: [6, 3, 4, 3, 3, 2, 2, 1, 1, 3, 2, 2, 3, 2, 1, 3, 5, 3, 2, 2, 3, 2, 3, 2, 2, 3, 2, 1, 2, 2, 2, 1, 2, 3, 1, 2, 2, 1, 2, 2, 3, 2, 2, 2, 3, 2, 3, 1, 2, 3, 2, 1, 2, 2, 2, 3, 2, 2, 3, 2, 1, 1, 1, 2, 1, 2, 1, 1, 2, 2, 4, 2, 1, 1, 2, 2, 1, 3, 3, 2, 2, 2, 1, 2, 2, 2, 1, 2, 2, 1, 1, 1, 1, 4, 2, 1, 2, 3, 2, 3]
Peer 2 has an average response time of 1.91. Deltas: [3, 4, 3, 4, 2, 3, 4, 4, 2, 2, 2, 1, 1, 2, 2, 3, 2, 3, 2, 3, 3, 2, 2, 2, 3, 3, 1, 2, 1, 2, 2, 2, 2, 1, 2, 1, 2, 1, 2, 2, 1, 2, 2, 3, 1, 1, 1, 1, 2, 2, 2, 1, 2, 3, 1, 1, 1, 2, 1, 3, 1, 1, 2, 2, 2, 2, 2, 2, 1, 1, 2, 2, 2, 1, 2, 3, 2, 2, 2, 1, 1, 1, 2, 1, 1, 2, 2, 3, 2, 2, 1, 1, 1, 2, 2, 2, 2, 2, 1, 2]
Peer 4 has an average response time of 1.79. Deltas: [1, 2, 2, 1, 1, 2, 1, 1, 1, 1, 2, 1, 2, 2, 3, 2, 1, 2, 1, 1, 1, 1, 2, 0, 2, 1, 3, 3, 3, 2, 1, 1, 2, 2, 1, 3, 2, 2, 1, 1, 1, 1, 2, 2, 3, 1, 1, 2, 2, 2, 3, 2, 2, 2, 3, 2, 2, 2, 2, 3, 3, 1, 2, 2, 1, 1, 2, 2, 2, 3, 2, 1, 2, 2, 2, 2, 3, 2, 1, 2, 2, 3, 3, 2, 2, 1, 3, 2, 2, 1, 2, 2, 2, 2, 2, 2, 1, 1, 1, 1]
Peer 0 has an average response time of 1.99. Deltas: [19, 3, 2, 2, 1, 1, 2, 2, 2, 2, 2, 2, 2, 1, 2, 2, 1, 2, 1, 2, 2, 2, 3, 2, 2, 3, 2, 2, 2, 1, 3, 2, 3, 1, 1, 2, 1, 1, 1, 1, 2, 2, 2, 1, 2, 1, 2, 2, 2, 3, 1, 1, 2, 2, 2, 1, 2, 2, 1, 4, 1, 2, 1, 2, 2, 1, 2, 2, 1, 2, 1, 2, 1, 2, 2, 2, 2, 2, 2, 3, 1, 1, 2, 2, 3, 3, 2, 2, 1, 1, 2, 1, 2, 2, 1, 2, 2, 2, 3, 2]
Peer 4 has an average response time of 1.87. Deltas: [2, 2, 1, 2, 2, 2, 1, 2, 2, 2, 1, 3, 2, 2, 2, 1, 1, 1, 2, 2, 2, 2, 2, 2, 2, 2, 2, 2, 2, 2, 2, 1, 1, 1, 2, 1, 1, 2, 1, 3, 1, 3, 2, 2, 2, 2, 1, 2, 2, 2, 3, 2, 2, 1, 1, 2, 2, 2, 2, 2, 2, 3, 2, 2, 1, 2, 3, 1, 2, 2, 2, 2, 3, 2, 2, 2, 2, 1, 2, 3, 2, 4, 2, 2, 2, 1, 1, 3, 2, 3, 2, 2, 2, 3, 1, 1, 2, 0, 1, 2]
Peer 2 has an average response time of 1.61. Deltas: [1, 2, 2, 2, 1, 1, 1, 1, 1, 2, 1, 1, 2, 1, 1, 1, 1, 1, 2, 1, 1, 1, 2, 2, 1, 1, 2, 2, 2, 2, 1, 2, 1, 2, 2, 2, 2, 1, 1, 1, 2, 1, 2, 1, 1, 2, 3, 1, 2, 1, 3, 2, 2, 2, 1, 2, 2, 1, 2, 1, 1, 2, 3, 2, 2, 2, 2, 2, 1, 2, 2, 2, 2, 2, 2, 1, 2, 2, 2, 1, 3, 2, 2, 1, 3, 1, 1, 1, 3, 2, 1, 2, 1, 2, 1, 2, 1, 2, 1, 1]
Peer 0 has an average response time of 2.06. Deltas: [2, 3, 1, 2, 2, 21, 2, 0, 0, 2, 1, 1, 2, 2, 2, 2, 2, 2, 3, 2, 2, 1, 1, 1, 2, 2, 1, 1, 2, 9, 1, 2, 3, 1, 1, 3, 1, 1, 1, 1, 1, 1, 1, 1, 2, 3, 2, 2, 4, 1, 1, 1, 2, 1, 1, 2, 3, 1, 1, 2, 1, 2, 1, 3, 1, 2, 3, 2, 3, 3, 3, 3, 2, 1, 2, 3, 1, 2, 2, 2, 1, 2, 2, 2, 2, 2, 2, 2, 2, 2, 2, 1, 2, 2, 3, 2, 3, 2, 2, 2]
Peer 4 has an average response time of 1.79. Deltas: [2, 1, 2, 2, 2, 2, 2, 2, 1, 1, 1, 10, 1, 2, 1, 2, 2, 2, 2, 1, 2, 2, 3, 2, 2, 1, 2, 1, 2, 1, 1, 1, 1, 2, 1, 1, 2, 1, 2, 2, 3, 2, 2, 1, 3, 1, 4, 1, 4, 1, 3, 2, 1, 3, 2, 2, 1, 3, 2, 2, 1, 2, 2, 2, 2, 2, 4, 2, 2, 1, 1, 3, 1, 2, 2, 1, 2, 3, 2, 2, 1, 2, 2, 1, 1, 1, 1, 1, 1, 2, 1, 1, 2, 2, 1, 1, 1, 0, 0, 2]
Peer 2 has an average response time of 1.67. Deltas: [1, 2, 1, 2, 1, 1, 1, 2, 1, 1, 1, 1, 1, 1, 1, 2, 2, 2, 2, 1, 2, 1, 1, 1, 2, 2, 2, 2, 2, 3, 1, 1, 5, 2, 1, 2, 2, 1, 2, 2, 2, 1, 1, 2, 2, 1, 2, 0, 2, 2, 1, 1, 2, 1, 1, 2, 1, 3, 1, 1, 5, 2, 1, 2, 3, 2, 2, 2, 2, 1, 1, 2, 3, 1, 2, 2, 1, 2, 3, 2, 2, 2, 2, 1, 2, 1, 1, 2, 1, 1, 2, 1, 3, 1, 2, 2, 1, 2, 2, 2]

1.891

### 100 ms

Peer 2 has an average response time of 3.36. Deltas: [6, 4, 3, 4, 5, 4, 5, 9, 4, 4, 4, 3, 5, 5, 5, 5, 3, 3, 3, 5, 3, 5, 3, 3, 3, 4, 3, 3, 3, 2, 3, 2, 4, 3, 5, 9, 3, 2, 2, 2, 5, 2, 4, 3, 3, 2, 4, 2, 2, 3, 3, 2, 1, 6, 3, 5, 3, 1, 2, 2, 3, 2, 2, 3, 5, 4, 4, 5, 6, 4, 3, 2, 3, 2, 2, 2, 3, 2, 3, 2, 3, 4, 3, 4, 1, 3, 2, 3, 3, 5, 3, 2, 3, 3, 4, 4, 2, 2, 2, 4]
Peer 0 has an average response time of 2.55. Deltas: [4, 4, 4, 4, 5, 5, 4, 2, 3, 3, 2, 5, 1, 5, 3, 3, 2, 4, 2, 3, 3, 3, 2, 3, 3, 2, 2, 2, 2, 2, 2, 4, 3, 2, 2, 2, 3, 3, 3, 2, 3, 3, 2, 4, 3, 1, 2, 2, 2, 2, 3, 2, 3, 2, 2, 3, 3, 3, 2, 3, 3, 2, 3, 2, 3, 5, 2, 3, 3, 2, 3, 2, 2, 2, 2, 3, 1, 3, 1, 3, 2, 2, 1, 2, 1, 2, 1, 3, 2, 2, 2, 1, 1, 1, 3, 2, 1, 2, 3, 3]
Peer 4 has an average response time of 2.68. Deltas: [8, 4, 5, 3, 4, 3, 3, 3, 3, 3, 2, 7, 3, 4, 2, 5, 3, 4, 3, 2, 4, 3, 3, 2, 2, 3, 3, 3, 3, 4, 3, 2, 2, 3, 2, 3, 3, 3, 3, 1, 2, 3, 3, 2, 2, 2, 1, 1, 3, 3, 2, 4, 3, 2, 3, 3, 1, 2, 4, 2, 2, 3, 2, 2, 3, 2, 3, 2, 1, 1, 3, 2, 2, 2, 1, 2, 4, 3, 3, 2, 2, 3, 1, 4, 3, 2, 3, 3, 3, 2, 2, 3, 2, 2, 3, 3, 1, 1, 2, 1]
Peer 2 has an average response time of 2.4. Deltas: [1, 2, 2, 2, 2, 2, 2, 2, 3, 6, 4, 3, 3, 2, 1, 2, 2, 2, 1, 2, 2, 1, 1, 2, 3, 2, 3, 2, 4, 2, 4, 3, 2, 2, 2, 2, 3, 2, 1, 3, 3, 2, 2, 2, 2, 1, 2, 3, 3, 2, 2, 3, 2, 3, 2, 3, 3, 2, 2, 2, 2, 3, 2, 2, 3, 3, 3, 2, 3, 3, 2, 3, 2, 3, 13, 1, 3, 1, 2, 1, 2, 2, 1, 1, 2, 2, 2, 2, 3, 3, 1, 3, 1, 2, 4, 2, 2, 4, 3, 3]
Peer 0 has an average response time of 2.16. Deltas: [1, 3, 2, 1, 2, 3, 2, 2, 2, 2, 2, 5, 2, 2, 3, 3, 2, 2, 2, 1, 2, 2, 2, 2, 2, 1, 2, 3, 3, 2, 2, 2, 1, 4, 2, 2, 1, 1, 2, 3, 1, 2, 2, 2, 1, 2, 2, 1, 1, 2, 2, 2, 3, 2, 2, 2, 1, 4, 1, 3, 1, 2, 3, 3, 2, 2, 3, 2, 2, 2, 2, 2, 1, 3, 3, 1, 4, 2, 2, 1, 2, 3, 2, 1, 3, 2, 4, 3, 2, 3, 3, 1, 2, 2, 2, 8, 2, 2, 2, 1]
Peer 4 has an average response time of 2.21. Deltas: [2, 2, 2, 3, 3, 2, 3, 2, 3, 2, 3, 3, 1, 2, 2, 14, 3, 1, 1, 3, 2, 1, 2, 1, 2, 2, 3, 2, 2, 2, 3, 2, 4, 2, 3, 3, 3, 2, 2, 3, 2, 2, 3, 3, 2, 1, 1, 2, 3, 3, 3, 2, 3, 3, 3, 2, 2, 2, 1, 2, 2, 2, 1, 1, 2, 2, 2, 3, 3, 3, 2, 1, 2, 3, 1, 3, 2, 1, 1, 2, 1, 2, 1, 2, 2, 2, 1, 1, 1, 3, 1, 1, 1, 2, 3, 2, 3, 1, 2, 2]
Peer 2 has an average response time of 2.32. Deltas: [3, 2, 2, 2, 4, 3, 2, 2, 2, 2, 4, 3, 3, 4, 2, 2, 2, 2, 3, 3, 4, 2, 4, 3, 3, 4, 1, 2, 2, 2, 1, 1, 2, 1, 2, 1, 4, 2, 1, 2, 3, 3, 3, 3, 2, 2, 3, 1, 1, 3, 2, 2, 2, 1, 2, 3, 2, 2, 2, 1, 2, 4, 1, 1, 2, 3, 2, 2, 2, 2, 2, 2, 3, 2, 2, 2, 2, 3, 3, 3, 3, 3, 2, 3, 3, 3, 1, 2, 3, 3, 2, 2, 2, 2, 3, 2, 2, 2, 4, 1]
Peer 0 has an average response time of 1.88. Deltas: [2, 2, 2, 1, 2, 1, 1, 1, 1, 2, 1, 1, 2, 1, 2, 2, 1, 1, 2, 2, 2, 1, 2, 1, 1, 2, 2, 2, 1, 2, 2, 2, 2, 3, 2, 1, 2, 2, 2, 2, 2, 3, 3, 3, 2, 2, 2, 2, 2, 3, 3, 2, 3, 2, 2, 1, 2, 1, 2, 2, 1, 2, 2, 2, 1, 2, 2, 1, 2, 2, 1, 2, 3, 3, 1, 2, 2, 1, 2, 2, 2, 3, 1, 2, 3, 2, 3, 2, 3, 1, 3, 2, 2, 2, 1, 2, 2, 2, 2, 2]
Peer 4 has an average response time of 2.15. Deltas: [2, 3, 1, 1, 2, 3, 2, 2, 2, 2, 3, 1, 3, 2, 2, 2, 2, 1, 2, 2, 3, 2, 2, 2, 1, 3, 1, 2, 3, 3, 2, 2, 3, 2, 2, 4, 2, 2, 2, 3, 2, 2, 2, 3, 1, 2, 3, 3, 2, 2, 1, 2, 2, 2, 3, 3, 2, 2, 2, 2, 2, 2, 2, 3, 3, 3, 1, 3, 2, 2, 3, 3, 3, 1, 2, 1, 1, 2, 2, 2, 2, 1, 3, 2, 3, 2, 3, 3, 2, 2, 2, 2, 2, 2, 3, 2, 2, 2, 2, 1]
Peer 2 has an average response time of 2.41. Deltas: [4, 2, 2, 2, 2, 3, 3, 3, 2, 3, 2, 3, 3, 2, 2, 3, 3, 2, 2, 2, 4, 3, 2, 2, 3, 2, 3, 3, 3, 2, 2, 1, 3, 3, 2, 2, 1, 1, 1, 3, 4, 3, 2, 3, 3, 2, 3, 2, 2, 3, 3, 2, 2, 3, 3, 2, 2, 3, 2, 2, 3, 3, 2, 3, 3, 3, 2, 1, 2, 2, 3, 3, 2, 2, 1, 2, 2, 2, 3, 2, 3, 3, 2, 2, 3, 3, 2, 3, 1, 2, 2, 2, 3, 2, 2, 4, 3, 1, 3, 2]

2.412

### 150 ms

Peer 2 has an average response time of 3.36. Deltas: [9, 4, 4, 3, 4, 4, 4, 3, 6, 3, 4, 4, 7, 2, 4, 5, 5, 3, 3, 3, 3, 5, 5, 4, 3, 6, 4, 5, 3, 2, 3, 5, 3, 5, 3, 5, 3, 2, 4, 3, 4, 2, 3, 2, 4, 4, 2, 3, 4, 2, 2, 2, 3, 2, 2, 3, 3, 4, 4, 3, 3, 3, 1, 2, 3, 2, 5, 3, 3, 3, 4, 2, 3, 4, 2, 4, 3, 3, 3, 3, 2, 3, 7, 3, 4, 2, 4, 2, 2, 2, 4, 3, 3, 2, 2, 1, 3, 2, 5, 3]
Peer 0 has an average response time of 3.73. Deltas: [8, 4, 10, 5, 6, 3, 4, 8, 3, 3, 6, 7, 4, 4, 4, 5, 6, 2, 7, 3, 4, 5, 5, 5, 5, 3, 7, 4, 3, 4, 5, 5, 7, 4, 3, 3, 3, 3, 4, 6, 3, 3, 4, 6, 2, 2, 2, 3, 5, 5, 8, 3, 2, 3, 3, 4, 3, 3, 4, 5, 5, 4, 3, 2, 2, 3, 3, 4, 3, 2, 2, 2, 2, 3, 3, 2, 4, 2, 2, 1, 2, 3, 3, 4, 3, 4, 2, 3, 2, 3, 4, 3, 5, 2, 3, 3, 3, 2, 1, 1]
Peer 4 has an average response time of 3.13. Deltas: [7, 5, 4, 3, 5, 4, 3, 3, 5, 3, 6, 4, 9, 7, 3, 4, 4, 6, 3, 3, 3, 2, 2, 3, 2, 3, 2, 4, 3, 2, 14, 2, 8, 3, 1, 2, 2, 3, 4, 2, 3, 3, 4, 3, 2, 3, 3, 3, 3, 3, 4, 1, 3, 3, 3, 2, 3, 1, 3, 2, 1, 2, 3, 3, 3, 3, 3, 2, 2, 3, 2, 3, 3, 2, 4, 2, 3, 2, 2, 1, 5, 1, 3, 2, 3, 1, 3, 3, 5, 3, 3, 3, 2, 2, 1, 2, 2, 3, 2, 2]
Peer 2 has an average response time of 2.46. Deltas: [3, 2, 3, 3, 3, 3, 1, 3, 1, 4, 2, 2, 4, 2, 2, 3, 2, 2, 3, 3, 2, 2, 2, 3, 2, 3, 4, 2, 3, 2, 3, 2, 3, 2, 2, 3, 2, 2, 2, 2, 2, 2, 1, 2, 2, 3, 3, 2, 2, 1, 2, 2, 4, 3, 3, 3, 2, 2, 2, 2, 1, 3, 2, 2, 3, 2, 3, 3, 3, 3, 2, 3, 3, 2, 3, 3, 4, 3, 3, 3, 3, 2, 2, 2, 2, 2, 2, 3, 2, 3, 2, 4, 2, 3, 2, 3, 3, 2, 2, 2]
Peer 0 has an average response time of 2.48. Deltas: [2, 3, 3, 1, 3, 2, 1, 2, 1, 3, 2, 2, 2, 2, 2, 2, 2, 3, 3, 2, 2, 2, 3, 3, 2, 2, 3, 3, 5, 2, 2, 3, 2, 2, 3, 2, 5, 1, 2, 3, 1, 2, 3, 2, 1, 3, 3, 2, 3, 3, 2, 4, 2, 2, 3, 2, 2, 4, 2, 6, 3, 3, 4, 4, 5, 3, 2, 3, 3, 4, 2, 3, 2, 4, 3, 2, 1, 2, 1, 3, 2, 3, 3, 2, 2, 3, 1, 3, 2, 3, 3, 2, 2, 3, 2, 2, 2, 1, 2, 1]
Peer 2 has an average response time of 2.28. Deltas: [2, 4, 3, 3, 4, 3, 4, 2, 1, 3, 4, 2, 1, 2, 1, 1, 2, 2, 3, 2, 3, 3, 2, 1, 2, 1, 2, 2, 2, 2, 1, 2, 2, 1, 2, 2, 3, 2, 2, 1, 2, 2, 2, 1, 1, 2, 2, 2, 2, 1, 2, 3, 1, 1, 3, 2, 3, 1, 2, 2, 1, 4, 2, 1, 2, 3, 3, 3, 3, 3, 3, 3, 2, 3, 2, 1, 1, 3, 4, 2, 4, 3, 3, 2, 2, 2, 4, 3, 2, 3, 2, 3, 2, 5, 2, 3, 3, 2, 3, 2]
Peer 4 has an average response time of 2.05. Deltas: [2, 2, 2, 1, 1, 2, 2, 3, 2, 2, 1, 2, 3, 3, 1, 2, 1, 3, 2, 1, 2, 2, 2, 2, 3, 3, 3, 2, 1, 1, 2, 3, 2, 3, 3, 3, 3, 2, 2, 3, 2, 1, 2, 1, 2, 3, 1, 3, 1, 5, 1, 2, 2, 2, 2, 2, 2, 2, 1, 2, 2, 3, 2, 2, 3, 2, 2, 1, 2, 1, 2, 1, 3, 2, 1, 1, 2, 2, 2, 2, 2, 2, 2, 2, 2, 2, 2, 2, 1, 3, 2, 2, 1, 2, 2, 3, 4, 2, 2, 3]
Peer 0 has an average response time of 2.9. Deltas: [2, 3, 2, 3, 1, 3, 2, 2, 2, 2, 2, 3, 2, 4, 2, 2, 3, 3, 3, 1, 1, 3, 2, 3, 3, 2, 3, 3, 3, 3, 2, 2, 2, 3, 3, 3, 3, 2, 2, 2, 2, 2, 4, 1, 3, 7, 2, 2, 2, 3, 3, 4, 3, 2, 2, 1, 2, 3, 4, 2, 2, 3, 3, 3, 4, 4, 3, 25, 3, 2, 3, 3, 3, 3, 2, 2, 2, 2, 3, 2, 2, 2, 3, 3, 2, 3, 3, 2, 1, 7, 2, 3, 4, 2, 5, 4, 4, 3, 3, 4]
Peer 2 has an average response time of 2.3. Deltas: [2, 3, 3, 2, 2, 2, 2, 3, 3, 4, 3, 2, 2, 3, 3, 2, 2, 2, 1, 1, 1, 3, 3, 3, 2, 3, 1, 1, 2, 3, 2, 3, 3, 2, 2, 3, 2, 2, 2, 2, 2, 5, 5, 2, 2, 4, 2, 3, 2, 3, 3, 2, 3, 2, 1, 2, 2, 2, 3, 3, 3, 3, 2, 3, 3, 2, 3, 2, 1, 2, 2, 1, 2, 1, 3, 2, 2, 2, 2, 2, 2, 1, 3, 1, 2, 2, 2, 1, 2, 2, 3, 3, 3, 3, 1, 2, 2, 2, 2, 3]
Peer 4 has an average response time of 2.24. Deltas: [1, 3, 3, 3, 3, 2, 2, 3, 2, 3, 3, 2, 3, 4, 2, 4, 2, 1, 2, 1, 2, 2, 2, 2, 2, 3, 2, 2, 3, 3, 3, 2, 2, 3, 1, 2, 3, 2, 2, 3, 3, 2, 2, 3, 2, 2, 4, 3, 3, 2, 2, 2, 3, 2, 1, 2, 7, 3, 2, 1, 4, 2, 1, 3, 1, 2, 2, 3, 2, 2, 2, 2, 1, 2, 2, 2, 2, 1, 2, 2, 2, 3, 2, 2, 2, 2, 2, 2, 1, 3, 1, 2, 2, 2, 2, 1, 2, 2, 2, 1]

2.693

### 200 ms

Peer 4 has an average response time of 3.64. Deltas: [10, 7, 3, 7, 3, 3, 4, 3, 4, 5, 4, 6, 3, 4, 3, 5, 4, 3, 4, 3, 4, 3, 3, 3, 4, 4, 4, 4, 2, 6, 3, 7, 3, 4, 3, 3, 4, 3, 4, 3, 2, 2, 4, 4, 4, 5, 4, 4, 3, 4, 4, 5, 3, 3, 3, 2, 2, 3, 2, 3, 3, 4, 4, 2, 4, 5, 6, 2, 4, 3, 3, 5, 3, 4, 3, 3, 3, 3, 4, 3, 3, 1, 2, 4, 2, 3, 3, 3, 5, 3, 4, 4, 1, 3, 6, 4, 5, 3, 3, 3]
Peer 0 has an average response time of 3.7. Deltas: [5, 4, 4, 8, 6, 6, 7, 5, 4, 2, 3, 4, 2, 5, 4, 5, 4, 5, 5, 9, 5, 4, 5, 4, 6, 5, 3, 7, 3, 4, 8, 6, 6, 2, 3, 5, 4, 3, 2, 4, 3, 2, 2, 3, 4, 3, 5, 5, 3, 4, 2, 5, 4, 3, 5, 4, 3, 3, 3, 3, 3, 3, 2, 3, 3, 3, 4, 2, 4, 4, 4, 2, 5, 3, 2, 2, 3, 3, 2, 2, 3, 4, 2, 3, 4, 2, 1, 3, 2, 2, 4, 2, 4, 4, 2, 3, 2, 3, 3, 3]
Peer 2 has an average response time of 3.83. Deltas: [8, 7, 4, 5, 5, 9, 5, 7, 7, 4, 5, 3, 8, 4, 4, 4, 3, 6, 9, 5, 5, 6, 3, 5, 3, 5, 2, 6, 3, 3, 3, 4, 6, 2, 3, 4, 4, 4, 6, 3, 3, 4, 4, 3, 4, 4, 4, 3, 1, 3, 4, 5, 2, 3, 4, 3, 3, 3, 2, 3, 4, 5, 2, 3, 3, 4, 4, 4, 3, 2, 2, 2, 4, 8, 3, 2, 4, 4, 2, 2, 3, 4, 2, 3, 3, 3, 2, 3, 4, 3, 2, 4, 3, 3, 2, 3, 2, 3, 4, 3]
Peer 4 has an average response time of 2.41. Deltas: [3, 2, 2, 2, 3, 2, 3, 3, 3, 2, 2, 3, 2, 4, 3, 4, 3, 3, 3, 3, 2, 2, 3, 3, 4, 1, 2, 1, 2, 3, 1, 1, 3, 2, 2, 2, 2, 3, 3, 4, 2, 2, 4, 3, 1, 2, 2, 2, 2, 3, 2, 3, 4, 4, 2, 3, 3, 1, 2, 2, 2, 4, 2, 3, 3, 2, 1, 2, 2, 2, 2, 3, 2, 3, 2, 2, 2, 2, 2, 2, 2, 2, 3, 2, 2, 2, 2, 2, 3, 2, 3, 2, 2, 2, 3, 2, 3, 2, 3, 2]
Peer 0 has an average response time of 2.54. Deltas: [2, 2, 2, 5, 1, 2, 2, 4, 3, 2, 1, 2, 3, 2, 1, 3, 3, 2, 2, 4, 2, 2, 1, 3, 2, 5, 1, 3, 3, 1, 2, 2, 2, 2, 3, 3, 2, 2, 3, 5, 3, 2, 2, 4, 2, 3, 3, 2, 2, 1, 2, 2, 5, 5, 2, 3, 2, 1, 2, 2, 3, 2, 2, 4, 3, 2, 3, 2, 2, 3, 3, 2, 3, 3, 3, 2, 3, 3, 3, 3, 4, 3, 4, 2, 3, 3, 3, 2, 2, 2, 3, 3, 2, 3, 3, 2, 1, 3, 2, 3]
Peer 2 has an average response time of 2.54. Deltas: [2, 4, 1, 1, 2, 2, 1, 2, 4, 2, 3, 3, 3, 4, 3, 4, 3, 3, 2, 3, 2, 3, 3, 3, 5, 4, 1, 2, 1, 3, 2, 3, 1, 3, 4, 2, 3, 2, 2, 2, 2, 3, 3, 3, 2, 1, 2, 2, 2, 2, 2, 3, 1, 3, 2, 3, 2, 3, 3, 3, 2, 4, 2, 2, 3, 2, 2, 2, 3, 4, 3, 3, 2, 3, 2, 3, 2, 2, 3, 3, 3, 1, 2, 2, 2, 4, 4, 3, 3, 2, 3, 2, 2, 3, 3, 3, 2, 3, 3, 2]
Peer 4 has an average response time of 2.41. Deltas: [4, 3, 3, 3, 1, 2, 3, 2, 2, 2, 3, 3, 3, 3, 2, 2, 3, 3, 2, 3, 2, 2, 2, 3, 3, 1, 3, 3, 2, 3, 2, 2, 3, 3, 2, 2, 2, 2, 2, 3, 3, 2, 2, 3, 2, 2, 3, 1, 3, 2, 6, 4, 3, 4, 3, 3, 2, 3, 4, 2, 1, 4, 2, 4, 3, 2, 2, 2, 2, 2, 3, 1, 2, 1, 3, 1, 2, 2, 1, 2, 2, 3, 3, 2, 3, 2, 3, 3, 2, 2, 2, 2, 1, 2, 1, 2, 1, 2, 2, 3]
Peer 0 has an average response time of 2.56. Deltas: [2, 2, 2, 3, 3, 2, 2, 3, 1, 2, 3, 3, 3, 3, 3, 2, 3, 3, 2, 4, 4, 3, 3, 3, 3, 2, 2, 2, 2, 3, 2, 3, 3, 2, 3, 2, 3, 3, 2, 3, 2, 2, 1, 1, 3, 2, 3, 3, 2, 3, 3, 3, 4, 3, 3, 2, 3, 3, 3, 2, 3, 2, 1, 3, 3, 3, 4, 2, 3, 5, 3, 2, 3, 2, 4, 2, 3, 3, 1, 2, 2, 2, 2, 3, 3, 3, 3, 2, 3, 3, 2, 2, 4, 3, 2, 2, 1, 2, 2, 1]
Peer 2 has an average response time of 2.54. Deltas: [4, 2, 3, 2, 2, 2, 3, 3, 3, 2, 3, 4, 2, 4, 2, 3, 2, 3, 3, 3, 2, 5, 2, 2, 1, 2, 3, 2, 3, 3, 1, 4, 3, 2, 2, 2, 2, 3, 3, 3, 3, 2, 3, 3, 2, 2, 2, 2, 3, 2, 3, 2, 2, 3, 2, 2, 2, 4, 2, 3, 3, 3, 2, 2, 2, 4, 2, 2, 3, 2, 3, 2, 2, 4, 3, 3, 2, 3, 3, 2, 3, 3, 3, 2, 3, 2, 2, 2, 2, 3, 3, 1, 2, 2, 2, 3, 2, 3, 2, 3]
Peer 4 has an average response time of 2.35. Deltas: [3, 2, 2, 2, 2, 2, 3, 2, 3, 2, 3, 2, 2, 2, 2, 3, 3, 1, 2, 2, 2, 2, 4, 3, 3, 3, 3, 2, 3, 3, 2, 1, 3, 2, 3, 3, 3, 3, 2, 3, 2, 2, 2, 3, 2, 2, 1, 2, 2, 3, 1, 2, 2, 2, 3, 3, 2, 3, 3, 1, 4, 2, 2, 4, 3, 2, 2, 3, 1, 1, 3, 2, 2, 2, 3, 2, 3, 1, 3, 2, 3, 2, 3, 2, 2, 3, 2, 2, 1, 2, 2, 2, 2, 3, 2, 3, 3, 3, 2, 3]

2.852

### 250 ms

Peer 0 has an average response time of 4.18. Deltas: [15, 4, 8, 4, 6, 6, 5, 4, 4, 5, 5, 6, 3, 5, 3, 7, 3, 4, 4, 5, 3, 7, 4, 6, 5, 4, 3, 5, 6, 2, 3, 4, 4, 3, 5, 3, 4, 5, 6, 4, 4, 4, 5, 4, 3, 4, 3, 3, 2, 5, 4, 6, 4, 7, 5, 4, 4, 4, 3, 4, 2, 3, 4, 6, 3, 3, 2, 3, 2, 2, 3, 7, 2, 2, 3, 2, 4, 2, 6, 15, 5, 3, 5, 6, 2, 2, 3, 3, 3, 2, 4, 4, 5, 2, 4, 4, 2, 3, 3, 3]
Peer 2 has an average response time of 3.61. Deltas: [8, 4, 10, 4, 5, 6, 6, 4, 4, 6, 3, 4, 5, 5, 7, 5, 4, 4, 4, 3, 3, 4, 5, 3, 6, 4, 3, 3, 3, 4, 3, 2, 3, 2, 4, 4, 4, 6, 4, 3, 3, 2, 3, 4, 2, 2, 4, 1, 2, 4, 3, 3, 3, 3, 2, 3, 2, 1, 3, 3, 3, 2, 3, 4, 2, 4, 6, 6, 4, 4, 3, 4, 3, 2, 2, 2, 3, 4, 4, 5, 3, 2, 4, 5, 2, 2, 5, 3, 2, 3, 3, 4, 3, 4, 7, 5, 3, 2, 1, 1]
Peer 4 has an average response time of 3.76. Deltas: [10, 5, 5, 5, 9, 5, 8, 6, 4, 5, 4, 5, 3, 3, 5, 4, 3, 5, 6, 3, 4, 5, 4, 4, 4, 5, 4, 3, 4, 4, 4, 3, 3, 4, 4, 3, 4, 4, 2, 4, 6, 3, 3, 3, 3, 3, 3, 2, 3, 2, 5, 4, 3, 3, 4, 4, 2, 3, 3, 2, 2, 4, 3, 4, 3, 5, 3, 4, 4, 5, 2, 2, 3, 3, 1, 4, 6, 3, 2, 3, 14, 3, 3, 4, 3, 4, 2, 3, 2, 4, 4, 4, 3, 2, 1, 2, 2, 3, 2, 2]
Peer 0 has an average response time of 2.88. Deltas: [3, 3, 2, 3, 5, 4, 5, 1, 4, 3, 3, 4, 3, 2, 4, 2, 1, 3, 3, 3, 2, 2, 3, 2, 2, 4, 2, 2, 2, 3, 3, 3, 4, 3, 3, 4, 10, 3, 4, 3, 2, 2, 3, 2, 3, 3, 3, 3, 3, 2, 2, 2, 3, 4, 3, 2, 2, 4, 2, 2, 3, 3, 3, 2, 3, 3, 3, 4, 2, 3, 4, 2, 4, 3, 4, 3, 4, 2, 3, 2, 3, 3, 3, 2, 3, 4, 2, 5, 4, 2, 2, 2, 2, 3, 2, 2, 2, 2, 1, 2]
Peer 2 has an average response time of 2.7. Deltas: [2, 2, 5, 3, 2, 2, 3, 4, 2, 4, 2, 3, 4, 2, 2, 2, 3, 3, 3, 2, 4, 4, 7, 3, 2, 3, 1, 1, 2, 2, 5, 2, 4, 2, 3, 4, 1, 4, 2, 2, 3, 3, 2, 3, 2, 2, 3, 1, 2, 2, 4, 3, 3, 2, 3, 2, 3, 3, 3, 2, 1, 3, 3, 2, 4, 3, 3, 1, 1, 1, 3, 3, 2, 3, 3, 3, 1, 2, 3, 4, 3, 1, 3, 4, 2, 3, 3, 2, 3, 3, 2, 2, 3, 2, 3, 3, 8, 2, 3, 2]
Peer 0 has an average response time of 2.54. Deltas: [4, 2, 3, 3, 3, 2, 2, 1, 2, 2, 3, 2, 3, 2, 3, 3, 3, 3, 3, 3, 3, 3, 4, 2, 2, 2, 3, 3, 3, 2, 3, 2, 4, 2, 1, 3, 3, 2, 3, 2, 3, 3, 1, 2, 2, 3, 2, 4, 2, 1, 2, 2, 3, 3, 3, 2, 3, 2, 3, 2, 2, 2, 2, 3, 3, 3, 2, 3, 3, 2, 3, 2, 3, 2, 3, 2, 2, 3, 2, 3, 3, 3, 2, 2, 3, 2, 2, 2, 2, 1, 4, 3, 4, 3, 3, 3, 3, 2, 1, 4]
Peer 2 has an average response time of 2.43. Deltas: [3, 2, 3, 3, 2, 4, 3, 3, 4, 3, 3, 2, 3, 3, 2, 3, 3, 3, 3, 3, 2, 3, 2, 1, 2, 2, 1, 2, 2, 3, 2, 3, 2, 3, 1, 3, 1, 3, 1, 1, 2, 2, 2, 3, 2, 2, 2, 2, 5, 2, 3, 2, 3, 2, 2, 1, 3, 2, 3, 2, 3, 3, 3, 3, 3, 2, 2, 2, 2, 3, 3, 2, 2, 3, 2, 2, 1, 3, 4, 2, 4, 2, 3, 2, 2, 2, 3, 2, 3, 2, 3, 3, 4, 3, 3, 1, 2, 1, 1, 2]
Peer 4 has an average response time of 2.83. Deltas: [2, 2, 2, 3, 3, 2, 3, 3, 3, 3, 2, 1, 3, 4, 3, 5, 3, 3, 1, 3, 4, 2, 2, 3, 3, 3, 4, 2, 3, 4, 4, 3, 4, 3, 2, 2, 3, 3, 1, 3, 4, 5, 3, 2, 3, 2, 2, 3, 3, 3, 2, 2, 2, 1, 3, 3, 2, 3, 3, 3, 4, 3, 3, 2, 3, 2, 2, 3, 2, 4, 3, 4, 2, 3, 1, 2, 3, 4, 3, 3, 2, 2, 3, 3, 4, 2, 3, 4, 3, 3, 3, 3, 4, 4, 4, 4, 2, 3, 3, 2]
Peer 0 has an average response time of 2.61. Deltas: [2, 3, 2, 3, 3, 2, 3, 3, 3, 3, 3, 2, 2, 3, 1, 2, 2, 2, 2, 4, 2, 3, 2, 3, 3, 2, 2, 3, 2, 2, 3, 3, 2, 3, 3, 3, 4, 3, 4, 6, 2, 2, 3, 2, 3, 3, 2, 2, 2, 2, 1, 2, 3, 3, 4, 3, 2, 3, 3, 3, 3, 4, 3, 2, 2, 2, 2, 6, 1, 3, 3, 3, 2, 3, 3, 3, 3, 2, 4, 1, 2, 3, 2, 3, 2, 3, 2, 2, 2, 2, 2, 2, 3, 2, 2, 3, 2, 3, 2, 4]
Peer 2 has an average response time of 2.37. Deltas: [2, 2, 2, 3, 1, 2, 4, 2, 3, 2, 3, 3, 2, 3, 3, 2, 2, 2, 4, 3, 2, 2, 1, 2, 3, 2, 2, 2, 1, 3, 2, 3, 2, 3, 2, 2, 2, 2, 3, 1, 2, 2, 2, 3, 3, 3, 2, 2, 2, 2, 2, 1, 4, 2, 3, 1, 1, 2, 3, 2, 3, 2, 2, 2, 3, 2, 4, 2, 2, 3, 2, 3, 2, 3, 3, 2, 1, 3, 2, 4, 2, 3, 3, 5, 3, 3, 2, 2, 3, 2, 2, 2, 1, 2, 4, 2, 3, 1, 3, 3]

2.991

### 300 ms

Peer 2 has an average response time of 3.47. Deltas: [7, 4, 5, 5, 4, 5, 5, 6, 4, 4, 4, 6, 3, 3, 3, 3, 5, 4, 3, 2, 5, 4, 2, 4, 3, 4, 3, 3, 3, 4, 2, 3, 4, 3, 3, 3, 2, 7, 2, 4, 4, 3, 3, 3, 3, 3, 3, 2, 4, 3, 3, 2, 3, 2, 4, 2, 3, 3, 4, 3, 2, 3, 3, 3, 3, 2, 3, 3, 3, 2, 3, 3, 3, 2, 32, 2, 3, 3, 3, 4, 2, 2, 2, 2, 3, 2, 3, 3, 3, 1, 2, 3, 1, 2, 4, 2, 4, 3, 3, 2]
Peer 4 has an average response time of 4.05. Deltas: [11, 5, 7, 6, 5, 5, 7, 5, 5, 9, 6, 3, 6, 4, 3, 4, 3, 3, 4, 4, 3, 4, 3, 5, 7, 5, 3, 2, 3, 2, 8, 7, 4, 4, 5, 4, 8, 2, 5, 3, 4, 4, 4, 4, 4, 3, 6, 4, 4, 2, 2, 2, 4, 2, 4, 4, 5, 4, 3, 4, 4, 2, 4, 3, 4, 1, 3, 5, 4, 3, 3, 2, 3, 3, 3, 3, 5, 3, 3, 6, 3, 4, 5, 5, 8, 4, 4, 4, 2, 3, 3, 2, 3, 3, 3, 6, 2, 3, 2, 4]
Peer 0 has an average response time of 3.3. Deltas: [8, 4, 6, 2, 4, 5, 4, 8, 3, 3, 4, 3, 5, 5, 4, 5, 3, 6, 2, 5, 3, 4, 3, 4, 3, 3, 5, 2, 5, 3, 4, 5, 3, 4, 3, 4, 3, 4, 3, 2, 3, 2, 3, 2, 3, 2, 4, 3, 5, 3, 3, 4, 4, 3, 4, 2, 4, 5, 4, 3, 2, 3, 2, 3, 3, 3, 3, 2, 2, 3, 3, 3, 2, 3, 2, 3, 2, 2, 2, 2, 3, 2, 2, 3, 2, 3, 3, 3, 4, 2, 3, 3, 4, 2, 2, 2, 4, 3, 2, 3]
Peer 4 has an average response time of 2.99. Deltas: [2, 2, 3, 3, 2, 2, 2, 3, 5, 2, 3, 3, 3, 2, 2, 5, 3, 4, 3, 3, 2, 4, 1, 2, 4, 4, 4, 3, 2, 3, 3, 4, 2, 3, 9, 2, 3, 2, 3, 3, 1, 3, 4, 3, 2, 1, 3, 1, 3, 3, 2, 3, 1, 4, 4, 2, 3, 4, 3, 3, 16, 4, 3, 2, 3, 1, 1, 4, 4, 2, 3, 2, 4, 3, 3, 3, 3, 3, 3, 3, 3, 3, 3, 2, 2, 1, 2, 3, 4, 2, 2, 4, 3, 3, 2, 5, 3, 2, 3, 4]
Peer 2 has an average response time of 2.62. Deltas: [2, 2, 2, 2, 3, 2, 3, 1, 2, 2, 4, 3, 2, 2, 2, 3, 1, 2, 3, 3, 3, 3, 2, 3, 2, 2, 2, 2, 2, 3, 2, 3, 2, 2, 22, 1, 3, 3, 3, 2, 3, 2, 1, 3, 5, 2, 3, 1, 1, 1, 4, 2, 2, 5, 2, 1, 2, 1, 3, 2, 1, 3, 3, 3, 3, 2, 3, 3, 2, 4, 3, 1, 4, 3, 3, 3, 3, 1, 3, 2, 3, 3, 2, 4, 1, 3, 2, 2, 3, 2, 2, 2, 2, 2, 3, 3, 3, 2, 3, 3]
Peer 0 has an average response time of 2.67. Deltas: [3, 2, 2, 4, 3, 2, 2, 2, 3, 3, 2, 3, 2, 3, 3, 2, 2, 3, 4, 2, 2, 3, 1, 3, 1, 2, 1, 3, 3, 3, 2, 3, 3, 3, 2, 3, 3, 4, 3, 4, 1, 2, 3, 2, 2, 5, 4, 3, 2, 2, 3, 3, 4, 2, 4, 2, 1, 4, 3, 2, 3, 3, 2, 3, 5, 2, 2, 1, 3, 2, 3, 1, 3, 1, 1, 3, 3, 3, 4, 3, 2, 3, 3, 2, 3, 3, 4, 2, 3, 3, 3, 3, 3, 2, 3, 3, 3, 4, 3, 3]
Peer 4 has an average response time of 2.84. Deltas: [2, 2, 3, 3, 3, 2, 2, 3, 2, 2, 2, 3, 3, 2, 2, 2, 3, 1, 4, 2, 2, 3, 2, 3, 3, 3, 2, 3, 3, 4, 3, 3, 3, 3, 3, 4, 3, 3, 3, 2, 4, 4, 3, 4, 3, 4, 4, 4, 2, 3, 3, 2, 4, 3, 3, 3, 2, 4, 2, 4, 2, 3, 6, 4, 13, 3, 3, 3, 1, 2, 2, 4, 3, 2, 3, 2, 3, 2, 2, 2, 2, 2, 2, 4, 2, 3, 2, 2, 3, 2, 4, 3, 2, 2, 3, 2, 2, 3, 2, 1]
Peer 2 has an average response time of 2.51. Deltas: [4, 3, 4, 3, 3, 3, 2, 4, 3, 4, 3, 3, 4, 4, 3, 3, 3, 4, 2, 4, 3, 4, 3, 2, 3, 2, 3, 3, 4, 3, 2, 2, 2, 2, 3, 2, 2, 4, 3, 2, 3, 1, 3, 2, 2, 3, 2, 2, 3, 3, 1, 2, 2, 2, 3, 1, 2, 2, 1, 3, 2, 2, 2, 2, 2, 1, 3, 2, 2, 3, 2, 2, 1, 4, 2, 4, 1, 3, 2, 2, 2, 3, 1, 2, 2, 3, 2, 2, 3, 3, 1, 3, 3, 2, 2, 3, 1, 2, 2, 2]
Peer 4 has an average response time of 2.59. Deltas: [3, 3, 2, 4, 4, 2, 3, 3, 3, 4, 3, 2, 3, 4, 4, 3, 3, 2, 1, 3, 2, 3, 2, 3, 2, 3, 3, 3, 3, 4, 1, 4, 2, 2, 1, 3, 2, 4, 2, 2, 3, 1, 1, 1, 3, 2, 2, 2, 3, 3, 2, 2, 1, 2, 3, 2, 3, 3, 4, 10, 2, 3, 2, 2, 3, 7, 3, 3, 1, 2, 3, 2, 3, 3, 2, 2, 1, 2, 2, 3, 1, 2, 5, 1, 4, 2, 3, 2, 2, 1, 2, 2, 2, 3, 2, 3, 2, 2, 3, 1]
Peer 0 has an average response time of 2.54. Deltas: [9, 3, 2, 2, 3, 3, 1, 2, 2, 3, 4, 2, 2, 3, 3, 4, 3, 2, 2, 1, 3, 3, 2, 3, 3, 3, 2, 5, 3, 3, 3, 3, 2, 2, 2, 2, 4, 2, 3, 3, 2, 3, 3, 3, 2, 3, 2, 2, 2, 1, 2, 2, 2, 4, 3, 1, 4, 3, 3, 4, 2, 3, 2, 2, 1, 1, 3, 1, 5, 3, 1, 3, 2, 3, 2, 2, 2, 2, 3, 3, 2, 2, 3, 2, 3, 2, 2, 2, 3, 2, 2, 2, 2, 2, 3, 3, 2, 2, 2, 2]

2.958

### 350 ms

Peer 4 has an average response time of 4.04. Deltas: [10, 5, 6, 6, 4, 6, 4, 4, 4, 3, 9, 4, 6, 4, 4, 6, 6, 4, 4, 5, 4, 4, 4, 6, 7, 5, 6, 5, 5, 3, 3, 4, 5, 5, 4, 5, 4, 3, 6, 4, 7, 5, 4, 5, 4, 4, 3, 4, 4, 6, 3, 4, 3, 1, 4, 5, 3, 4, 3, 3, 5, 3, 4, 5, 3, 2, 3, 3, 5, 4, 6, 2, 3, 2, 5, 2, 9, 3, 3, 2, 5, 3, 2, 5, 2, 3, 2, 3, 3, 2, 3, 3, 3, 2, 3, 1, 2, 3, 3, 2]
Peer 2 has an average response time of 4.17. Deltas: [12, 4, 5, 7, 6, 4, 5, 9, 5, 8, 5, 4, 7, 4, 3, 6, 4, 4, 3, 6, 7, 9, 5, 5, 6, 3, 5, 4, 7, 3, 5, 6, 5, 3, 3, 4, 6, 4, 3, 9, 5, 5, 3, 2, 2, 7, 4, 3, 4, 5, 4, 3, 3, 4, 4, 3, 4, 4, 4, 4, 3, 5, 3, 3, 4, 5, 4, 4, 2, 4, 3, 5, 3, 5, 3, 4, 4, 4, 5, 3, 3, 2, 3, 2, 3, 1, 4, 3, 2, 3, 3, 3, 2, 2, 2, 3, 2, 1, 3, 4]
Peer 4 has an average response time of 3.05. Deltas: [3, 5, 2, 3, 3, 3, 3, 2, 3, 4, 2, 3, 4, 3, 3, 4, 3, 4, 3, 3, 4, 2, 3, 3, 3, 2, 2, 4, 3, 3, 1, 5, 1, 3, 3, 2, 2, 3, 4, 2, 4, 4, 4, 2, 2, 3, 4, 3, 2, 4, 3, 3, 2, 4, 3, 2, 3, 3, 2, 3, 3, 5, 6, 3, 3, 4, 4, 4, 2, 3, 4, 3, 3, 3, 4, 3, 3, 3, 4, 2, 2, 4, 3, 2, 2, 3, 4, 4, 5, 3, 3, 3, 3, 3, 3, 3, 2, 1, 2, 3]
Peer 0 has an average response time of 3.18. Deltas: [6, 5, 5, 4, 4, 4, 3, 4, 7, 4, 3, 3, 5, 3, 5, 5, 5, 5, 3, 5, 4, 3, 4, 3, 3, 3, 1, 3, 4, 3, 3, 4, 4, 2, 4, 3, 2, 4, 6, 3, 3, 3, 3, 1, 7, 2, 2, 3, 2, 3, 3, 4, 2, 3, 3, 2, 3, 2, 3, 3, 3, 3, 3, 2, 2, 3, 2, 4, 3, 2, 2, 3, 2, 3, 4, 4, 3, 5, 3, 3, 3, 2, 2, 4, 1, 2, 4, 1, 3, 2, 3, 1, 2, 2, 2, 3, 2, 3, 4, 2]
Peer 2 has an average response time of 3.08. Deltas: [4, 5, 2, 3, 4, 4, 3, 2, 3, 4, 4, 3, 3, 3, 6, 2, 3, 4, 4, 3, 4, 2, 3, 3, 4, 3, 6, 3, 6, 2, 2, 4, 3, 2, 3, 3, 3, 3, 4, 3, 3, 3, 3, 3, 2, 3, 3, 3, 2, 2, 3, 3, 2, 2, 5, 4, 2, 2, 3, 2, 1, 4, 2, 3, 4, 5, 2, 4, 4, 5, 3, 7, 3, 1, 2, 2, 3, 2, 2, 4, 3, 3, 3, 3, 4, 3, 2, 3, 5, 2, 1, 3, 3, 2, 3, 4, 2, 2, 1, 3]
Peer 4 has an average response time of 2.55. Deltas: [3, 2, 3, 2, 1, 3, 3, 4, 2, 2, 2, 2, 2, 2, 3, 2, 3, 4, 3, 2, 2, 3, 2, 3, 3, 3, 2, 2, 3, 4, 2, 2, 2, 3, 2, 2, 2, 2, 4, 3, 3, 2, 3, 3, 2, 2, 1, 2, 1, 3, 2, 4, 2, 2, 3, 3, 3, 2, 1, 3, 3, 3, 3, 3, 3, 2, 2, 3, 2, 2, 3, 2, 4, 2, 3, 7, 3, 2, 3, 3, 2, 2, 3, 3, 2, 3, 1, 2, 3, 3, 2, 2, 2, 3, 2, 3, 2, 3, 3, 3]
Peer 0 has an average response time of 2.64. Deltas: [3, 3, 4, 1, 1, 3, 3, 3, 3, 3, 2, 2, 3, 2, 3, 2, 2, 3, 3, 3, 4, 3, 2, 2, 3, 3, 4, 3, 3, 3, 2, 3, 2, 2, 2, 2, 3, 3, 4, 2, 4, 2, 2, 2, 2, 2, 3, 3, 4, 3, 2, 2, 3, 2, 2, 2, 2, 4, 2, 2, 3, 2, 3, 2, 3, 2, 3, 2, 2, 2, 2, 4, 3, 2, 2, 3, 3, 3, 2, 2, 3, 1, 2, 3, 2, 2, 3, 2, 2, 4, 4, 4, 3, 4, 4, 3, 3, 2, 3, 3]
Peer 2 has an average response time of 2.76. Deltas: [3, 1, 3, 3, 3, 4, 4, 2, 3, 3, 4, 3, 2, 4, 4, 3, 3, 2, 3, 4, 3, 3, 3, 2, 1, 3, 3, 2, 2, 4, 3, 2, 1, 3, 3, 3, 3, 2, 5, 2, 4, 3, 3, 3, 3, 2, 2, 4, 3, 3, 3, 3, 4, 2, 1, 3, 2, 3, 3, 3, 4, 3, 2, 3, 3, 2, 2, 3, 3, 3, 2, 2, 2, 3, 3, 1, 4, 3, 2, 3, 2, 2, 3, 3, 3, 2, 3, 3, 3, 2, 4, 4, 2, 2, 3, 2, 3, 2, 2, 2]
Peer 4 has an average response time of 2.46. Deltas: [4, 3, 2, 3, 2, 3, 2, 1, 1, 2, 2, 2, 2, 2, 2, 3, 4, 2, 3, 3, 3, 3, 2, 2, 2, 2, 3, 3, 3, 3, 2, 2, 3, 2, 3, 3, 2, 2, 3, 3, 1, 3, 3, 3, 3, 2, 2, 3, 1, 3, 2, 2, 3, 3, 2, 3, 2, 2, 2, 3, 3, 2, 2, 2, 3, 3, 1, 4, 2, 3, 3, 3, 3, 2, 2, 2, 3, 2, 2, 2, 3, 3, 2, 2, 3, 3, 2, 3, 2, 3, 3, 2, 3, 3, 1, 3, 2, 2, 2, 3]
Peer 4 has an average response time of 2.52. Deltas: [4, 3, 3, 4, 3, 3, 3, 3, 3, 2, 2, 2, 3, 3, 2, 3, 2, 4, 1, 1, 1, 2, 2, 1, 2, 5, 3, 2, 3, 3, 4, 3, 2, 2, 2, 2, 3, 2, 2, 3, 4, 3, 2, 3, 3, 2, 2, 3, 3, 3, 2, 2, 2, 2, 2, 2, 2, 2, 2, 2, 2, 3, 3, 4, 2, 3, 2, 2, 2, 3, 2, 2, 2, 3, 3, 3, 2, 3, 2, 2, 3, 2, 3, 2, 3, 3, 2, 2, 2, 2, 3, 3, 2, 3, 3, 2, 3, 2, 4, 2]

3.045

### 400 ms

Peer 2 has an average response time of 4.57. Deltas: [12, 6, 9, 7, 8, 7, 9, 8, 4, 4, 5, 5, 6, 4, 6, 5, 7, 7, 5, 5, 3, 6, 2, 6, 6, 7, 9, 7, 6, 7, 5, 5, 4, 4, 4, 4, 5, 4, 5, 4, 6, 3, 3, 3, 5, 4, 5, 6, 4, 4, 6, 3, 4, 3, 5, 4, 4, 2, 4, 9, 3, 4, 5, 2, 3, 4, 2, 3, 3, 3, 4, 3, 4, 3, 3, 3, 4, 4, 2, 3, 4, 3, 3, 4, 4, 3, 3, 4, 3, 4, 5, 6, 2, 2, 5, 4, 3, 4, 3, 4]
Peer 0 has an average response time of 3.8. Deltas: [9, 8, 8, 5, 5, 5, 5, 4, 3, 3, 3, 5, 3, 5, 5, 5, 4, 3, 4, 6, 8, 3, 9, 3, 4, 4, 8, 5, 3, 3, 3, 3, 4, 4, 2, 5, 3, 3, 3, 4, 4, 5, 1, 3, 3, 4, 3, 4, 4, 3, 5, 3, 4, 2, 4, 3, 2, 4, 2, 2, 3, 5, 4, 4, 2, 2, 2, 3, 3, 4, 4, 2, 3, 2, 3, 2, 3, 2, 4, 2, 2, 3, 2, 7, 3, 4, 4, 4, 7, 4, 3, 3, 2, 5, 3, 4, 4, 4, 3, 3]
Peer 4 has an average response time of 3.21. Deltas: [9, 3, 4, 4, 5, 6, 5, 3, 4, 4, 4, 4, 3, 1, 4, 2, 5, 3, 3, 4, 6, 3, 2, 4, 3, 2, 4, 3, 4, 4, 4, 4, 4, 3, 3, 4, 4, 4, 3, 3, 3, 4, 3, 2, 3, 3, 3, 3, 3, 2, 3, 1, 1, 5, 3, 3, 2, 1, 4, 3, 3, 3, 3, 2, 2, 2, 2, 3, 3, 2, 3, 4, 3, 4, 2, 5, 1, 3, 3, 3, 2, 3, 3, 3, 9, 3, 3, 3, 4, 2, 2, 1, 3, 3, 2, 2, 3, 3, 3, 2]
Peer 2 has an average response time of 3.05. Deltas: [3, 5, 3, 5, 3, 1, 2, 3, 2, 3, 4, 2, 3, 3, 4, 3, 2, 4, 4, 2, 3, 3, 3, 3, 2, 4, 3, 2, 2, 3, 3, 4, 4, 3, 3, 3, 4, 4, 4, 2, 4, 5, 3, 3, 3, 2, 2, 4, 3, 3, 3, 4, 4, 3, 4, 2, 3, 3, 3, 3, 4, 3, 2, 4, 3, 4, 4, 2, 3, 3, 2, 2, 3, 2, 2, 2, 3, 3, 3, 3, 4, 4, 3, 3, 2, 2, 4, 1, 3, 3, 4, 2, 4, 3, 3, 4, 3, 2, 3, 4]
Peer 4 has an average response time of 2.54. Deltas: [3, 9, 3, 3, 1, 3, 2, 3, 1, 3, 2, 3, 2, 3, 2, 4, 2, 2, 1, 3, 2, 1, 3, 3, 4, 3, 4, 2, 2, 2, 1, 2, 3, 2, 2, 3, 2, 3, 4, 2, 2, 1, 4, 1, 2, 2, 2, 3, 2, 3, 3, 2, 3, 2, 2, 2, 2, 2, 3, 2, 2, 1, 1, 2, 3, 2, 2, 3, 3, 2, 3, 4, 2, 3, 8, 3, 2, 2, 1, 1, 2, 2, 2, 2, 3, 3, 4, 2, 2, 1, 3, 4, 2, 3, 2, 3, 2, 3, 5, 4]
Peer 0 has an average response time of 2.82. Deltas: [3, 3, 4, 4, 2, 3, 4, 3, 3, 5, 7, 2, 3, 4, 3, 2, 3, 3, 3, 2, 2, 3, 3, 3, 2, 2, 3, 3, 5, 1, 2, 2, 3, 2, 2, 2, 3, 1, 3, 3, 3, 3, 4, 1, 2, 2, 3, 2, 1, 2, 4, 3, 2, 4, 2, 4, 2, 3, 3, 3, 2, 2, 4, 3, 3, 3, 2, 3, 3, 3, 3, 3, 4, 2, 1, 3, 3, 4, 3, 2, 4, 3, 3, 2, 4, 4, 3, 3, 2, 3, 2, 3, 2, 2, 3, 2, 2, 4, 3, 3]
Peer 2 has an average response time of 2.94. Deltas: [2, 3, 2, 4, 3, 3, 3, 4, 3, 1, 4, 4, 3, 2, 3, 3, 2, 4, 4, 2, 3, 3, 4, 2, 2, 3, 2, 3, 3, 4, 3, 3, 4, 3, 3, 2, 2, 2, 4, 4, 3, 3, 3, 2, 2, 4, 4, 2, 4, 3, 2, 3, 3, 3, 3, 3, 3, 3, 3, 3, 4, 3, 3, 2, 1, 2, 3, 6, 2, 2, 3, 3, 4, 3, 3, 3, 2, 3, 2, 4, 3, 3, 3, 4, 3, 3, 3, 3, 3, 3, 4, 3, 3, 3, 2, 2, 3, 3, 3, 2]
Peer 4 has an average response time of 2.51. Deltas: [4, 3, 2, 2, 2, 3, 3, 2, 2, 3, 2, 2, 3, 3, 3, 2, 3, 3, 3, 2, 2, 2, 3, 3, 3, 3, 3, 1, 2, 2, 2, 2, 4, 3, 3, 2, 3, 3, 3, 2, 3, 2, 4, 3, 3, 3, 3, 3, 1, 2, 2, 2, 4, 1, 2, 2, 3, 4, 1, 2, 2, 2, 6, 2, 3, 2, 1, 2, 3, 5, 2, 3, 2, 6, 4, 2, 2, 3, 1, 3, 5, 2, 2, 2, 1, 3, 2, 1, 3, 2, 3, 2, 2, 1, 2, 1, 2, 3, 2, 1]
Peer 2 has an average response time of 2.74. Deltas: [3, 3, 2, 2, 3, 2, 3, 4, 3, 3, 1, 3, 3, 2, 2, 3, 3, 3, 4, 2, 3, 4, 2, 2, 4, 2, 4, 3, 2, 3, 4, 2, 3, 2, 3, 3, 3, 3, 2, 5, 1, 3, 3, 3, 2, 3, 3, 2, 3, 1, 3, 2, 3, 2, 3, 3, 3, 3, 2, 2, 3, 3, 3, 4, 3, 4, 4, 3, 2, 1, 2, 3, 3, 3, 2, 2, 3, 3, 4, 3, 2, 3, 3, 4, 3, 4, 2, 2, 3, 2, 3, 3, 2, 2, 2, 4, 3, 2, 2, 2]
Peer 0 has an average response time of 2.46. Deltas: [3, 2, 2, 3, 3, 2, 2, 3, 3, 2, 3, 2, 2, 3, 2, 3, 3, 2, 2, 2, 2, 2, 3, 2, 3, 2, 3, 2, 3, 3, 5, 2, 3, 1, 2, 4, 2, 3, 2, 2, 3, 2, 2, 3, 2, 2, 2, 1, 2, 1, 4, 2, 2, 2, 4, 3, 3, 3, 2, 2, 1, 2, 3, 2, 2, 1, 3, 3, 3, 2, 2, 3, 3, 3, 3, 3, 3, 3, 2, 3, 2, 2, 3, 3, 3, 2, 3, 2, 2, 4, 3, 2, 4, 3, 2, 2, 1, 1, 2, 3]

3.064

### 45 peers

Peer 16 has an average response time of 2.38. Deltas: [5, 3, 5, 4, 3, 2, 4, 1, 2, 3, 3, 2, 2, 3, 3, 3, 2, 5, 2, 3, 2, 6, 2, 2, 4, 2, 3, 2, 2, 2, 1, 2, 2, 2, 2, 2, 1, 2, 2, 4, 2, 2, 7, 1, 1, 1, 4, 3, 2, 2, 1, 1, 1, 2, 2, 3, 3, 2, 3, 2, 2, 2, 2, 3, 2, 3, 1, 3, 1, 2, 3, 1, 3, 1, 2, 2, 2, 2, 3, 2, 2, 2, 2, 1, 2, 1, 2, 3, 2, 3, 4, 1, 2, 2, 2, 3, 3, 2, 3, 2]
Peer 2 has an average response time of 2.56. Deltas: [7, 3, 4, 3, 1, 2, 2, 3, 2, 2, 2, 2, 3, 1, 2, 3, 3, 2, 2, 2, 13, 2, 2, 3, 2, 3, 3, 3, 4, 2, 3, 2, 1, 3, 2, 2, 5, 2, 3, 3, 2, 3, 3, 2, 2, 2, 3, 4, 3, 3, 4, 1, 1, 3, 3, 2, 3, 3, 2, 2, 2, 3, 3, 2, 2, 1, 2, 3, 2, 2, 3, 2, 3, 4, 1, 1, 2, 1, 2, 4, 3, 2, 2, 1, 2, 2, 3, 2, 2, 3, 2, 1, 1, 4, 4, 4, 2, 2, 2, 2]
Peer 8 has an average response time of 2.25. Deltas: [8, 3, 1, 3, 3, 2, 3, 2, 2, 1, 2, 1, 1, 2, 3, 2, 4, 4, 2, 3, 2, 2, 1, 3, 3, 3, 3, 2, 2, 3, 2, 1, 2, 2, 3, 2, 2, 3, 2, 2, 1, 1, 1, 1, 3, 2, 1, 2, 2, 1, 2, 3, 2, 1, 2, 3, 2, 2, 2, 2, 3, 2, 2, 2, 3, 4, 2, 1, 3, 3, 2, 3, 2, 2, 2, 3, 2, 2, 1, 2, 2, 3, 3, 2, 2, 2, 3, 1, 2, 2, 3, 2, 2, 2, 4, 2, 2, 2, 3, 2]
Peer 26 has an average response time of 2.3. Deltas: [3, 3, 2, 4, 3, 2, 2, 2, 3, 2, 3, 2, 1, 2, 3, 3, 3, 2, 2, 1, 4, 2, 1, 4, 2, 3, 2, 9, 2, 2, 1, 4, 3, 1, 3, 2, 2, 3, 3, 2, 2, 2, 2, 3, 2, 2, 3, 3, 2, 4, 1, 1, 3, 1, 2, 2, 3, 2, 2, 2, 2, 3, 2, 2, 2, 1, 2, 2, 3, 1, 2, 2, 3, 3, 1, 2, 1, 1, 2, 3, 1, 2, 3, 2, 3, 1, 2, 2, 1, 3, 1, 3, 3, 2, 2, 2, 3, 2, 3, 2]
Peer 18 has an average response time of 2.41. Deltas: [8, 3, 5, 3, 3, 4, 3, 1, 2, 3, 2, 3, 2, 2, 4, 3, 1, 2, 2, 2, 3, 1, 2, 2, 3, 2, 1, 2, 2, 1, 1, 3, 2, 2, 2, 2, 3, 3, 2, 3, 3, 3, 2, 2, 2, 3, 4, 5, 4, 1, 3, 2, 1, 2, 3, 1, 3, 1, 1, 2, 3, 2, 2, 3, 3, 3, 1, 3, 2, 3, 2, 3, 3, 2, 1, 2, 2, 2, 3, 2, 2, 4, 3, 3, 2, 3, 2, 3, 2, 3, 3, 2, 2, 3, 2, 1, 2, 1, 2, 1]
Peer 6 has an average response time of 2.21. Deltas: [6, 5, 2, 3, 1, 3, 2, 2, 2, 2, 1, 1, 1, 2, 2, 3, 2, 3, 3, 2, 2, 2, 1, 5, 4, 2, 1, 2, 2, 16, 2, 4, 2, 1, 1, 2, 2, 2, 3, 2, 1, 2, 2, 3, 2, 1, 3, 2, 2, 2, 1, 2, 2, 2, 1, 2, 2, 1, 2, 1, 3, 3, 2, 3, 1, 1, 3, 1, 2, 1, 1, 2, 2, 2, 2, 1, 2, 1, 2, 2, 3, 3, 2, 2, 1, 2, 2, 1, 2, 3, 2, 3, 1, 2, 2, 1, 3, 3, 2, 2]
Peer 42 has an average response time of 1.84. Deltas: [3, 2, 2, 1, 3, 2, 2, 2, 2, 2, 3, 1, 2, 2, 2, 2, 2, 3, 1, 1, 2, 2, 2, 2, 2, 1, 3, 1, 2, 3, 2, 1, 1, 1, 2, 1, 3, 1, 2, 2, 2, 2, 2, 3, 2, 2, 1, 3, 3, 1, 1, 2, 2, 2, 1, 2, 1, 2, 1, 1, 3, 1, 2, 1, 1, 2, 2, 2, 2, 2, 2, 2, 2, 1, 2, 2, 1, 2, 2, 2, 3, 1, 2, 1, 1, 2, 2, 1, 1, 1, 1, 2, 2, 3, 1, 2, 2, 2, 1, 5]
Peer 24 has an average response time of 1.83. Deltas: [4, 2, 2, 2, 1, 1, 2, 2, 3, 2, 2, 2, 3, 1, 2, 3, 1, 2, 2, 1, 3, 2, 4, 3, 2, 2, 2, 1, 1, 2, 2, 2, 2, 3, 2, 3, 2, 2, 2, 3, 2, 1, 1, 3, 2, 1, 1, 2, 2, 2, 2, 1, 2, 1, 1, 2, 2, 2, 1, 1, 2, 2, 2, 1, 2, 1, 1, 1, 1, 1, 2, 2, 2, 2, 1, 2, 2, 2, 2, 1, 2, 2, 3, 2, 2, 1, 2, 3, 2, 1, 2, 1, 1, 2, 2, 1, 1, 1, 1, 2]
Peer 40 has an average response time of 2.16. Deltas: [4, 3, 2, 2, 2, 4, 5, 2, 1, 2, 1, 1, 3, 2, 4, 2, 3, 1, 2, 3, 2, 1, 3, 2, 2, 4, 3, 2, 2, 1, 2, 6, 2, 2, 2, 1, 2, 3, 1, 2, 3, 2, 2, 2, 2, 2, 2, 2, 3, 1, 1, 2, 2, 2, 3, 2, 3, 2, 1, 2, 2, 3, 2, 2, 2, 2, 2, 2, 2, 1, 2, 2, 3, 2, 2, 3, 2, 2, 3, 1, 2, 2, 2, 3, 2, 3, 3, 2, 2, 3, 2, 1, 1, 3, 1, 1, 2, 2, 1, 1]
Peer 4 has an average response time of 2.4. Deltas: [8, 3, 4, 2, 3, 3, 3, 3, 2, 2, 1, 1, 3, 4, 4, 3, 3, 2, 2, 3, 2, 1, 2, 4, 2, 2, 1, 2, 2, 4, 3, 3, 3, 3, 6, 2, 3, 3, 3, 2, 1, 1, 2, 2, 1, 2, 1, 3, 2, 2, 2, 2, 2, 2, 2, 4, 2, 1, 2, 2, 2, 2, 3, 2, 3, 3, 3, 3, 3, 2, 2, 2, 3, 3, 4, 3, 2, 4, 3, 2, 2, 1, 2, 2, 1, 2, 1, 1, 2, 3, 2, 2, 2, 2, 2, 1, 1, 2, 3, 2]

2.234

### 100 ms crash period

Peer 4 has an average response time of 2.23. Deltas: [5, 6, 2, 2, 3, 3, 2, 3, 3, 3, 2, 3, 2, 2, 2, 3, 1, 2, 2, 2, 2, 2, 2, 2, 1, 1, 1, 3, 2, 2, 2, 2, 2, 1, 2, 3, 2, 2, 2, 2, 3, 4, 2, 2, 2, 3, 3, 3, 1, 1, 1, 3, 3, 3, 3, 2, 2, 2, 1, 2, 3, 2, 2, 1, 2, 5, 3, 2, 2, 3, 2, 2, 4, 3, 2, 2, 1, 1, 2, 2, 3, 1, 2, 3, 2, 2, 2, 2, 2, 2, 3, 1, 2, 1, 2, 3, 1, 2, 2, 2]
Peer 2 has an average response time of 1.96. Deltas: [7, 4, 2, 3, 2, 2, 3, 3, 1, 3, 2, 2, 3, 2, 2, 4, 1, 3, 3, 3, 1, 1, 1, 1, 2, 2, 1, 2, 2, 1, 3, 1, 2, 3, 2, 3, 3, 1, 2, 1, 2, 2, 3, 2, 1, 1, 2, 1, 1, 3, 1, 2, 2, 2, 1, 2, 3, 2, 2, 2, 2, 1, 2, 3, 1, 2, 2, 1, 2, 2, 3, 1, 3, 1, 1, 2, 2, 1, 1, 1, 2, 2, 1, 2, 2, 2, 2, 1, 1, 2, 2, 2, 1, 2, 1, 1, 2, 2, 3, 2]
Peer 0 has an average response time of 1.69. Deltas: [4, 3, 2, 3, 1, 2, 3, 3, 2, 2, 2, 2, 2, 1, 2, 1, 1, 2, 2, 2, 1, 1, 2, 1, 2, 1, 1, 1, 2, 1, 2, 2, 1, 1, 2, 2, 1, 2, 2, 3, 2, 2, 1, 1, 1, 1, 1, 1, 2, 2, 1, 1, 1, 2, 2, 2, 3, 2, 1, 1, 2, 2, 2, 1, 1, 2, 3, 2, 2, 1, 2, 2, 1, 2, 2, 1, 1, 1, 1, 1, 2, 1, 2, 2, 2, 2, 1, 2, 2, 2, 1, 1, 1, 2, 2, 2, 3, 1, 2, 1]
Peer 10 has an average response time of 1.8. Deltas: [3, 2, 3, 2, 2, 2, 2, 2, 3, 1, 2, 2, 2, 2, 2, 2, 1, 2, 2, 1, 2, 1, 2, 1, 2, 2, 2, 1, 1, 2, 2, 1, 2, 2, 2, 2, 1, 2, 2, 2, 1, 1, 1, 1, 3, 1, 2, 2, 2, 1, 1, 2, 1, 1, 2, 2, 1, 1, 2, 1, 1, 2, 1, 2, 1, 2, 1, 2, 2, 2, 2, 1, 2, 1, 2, 3, 2, 2, 2, 2, 2, 2, 2, 2, 1, 2, 1, 7, 4, 1, 1, 2, 2, 2, 2, 1, 2, 1, 3, 2]
Peer 8 has an average response time of 1.75. Deltas: [3, 1, 2, 2, 1, 1, 3, 1, 2, 2, 2, 2, 2, 1, 3, 3, 2, 2, 3, 2, 2, 1, 1, 3, 1, 2, 2, 1, 2, 2, 2, 1, 1, 0, 1, 2, 3, 2, 2, 1, 2, 1, 1, 2, 2, 2, 2, 3, 1, 3, 2, 2, 2, 1, 1, 2, 1, 0, 2, 1, 3, 1, 2, 2, 2, 2, 1, 2, 2, 2, 2, 2, 2, 1, 2, 2, 2, 2, 3, 3, 1, 2, 1, 1, 2, 2, 1, 1, 2, 1, 1, 1, 2, 1, 2, 2, 2, 2, 2, 1]
Peer 4 has an average response time of 1.87. Deltas: [3, 2, 2, 1, 3, 1, 3, 2, 1, 2, 2, 3, 2, 1, 1, 2, 1, 1, 2, 2, 1, 2, 3, 2, 1, 2, 2, 2, 2, 2, 1, 3, 2, 2, 1, 2, 2, 2, 1, 2, 2, 1, 2, 2, 1, 2, 1, 3, 3, 2, 3, 2, 3, 1, 1, 2, 3, 2, 1, 2, 2, 1, 1, 2, 2, 1, 2, 2, 1, 3, 3, 2, 3, 2, 1, 2, 2, 2, 2, 2, 2, 2, 1, 2, 1, 2, 2, 2, 2, 2, 2, 2, 2, 2, 2, 2, 1, 2, 1, 2]
Peer 6 has an average response time of 2.09. Deltas: [3, 3, 2, 2, 2, 2, 3, 3, 2, 2, 2, 2, 3, 3, 3, 4, 2, 1, 2, 2, 2, 2, 2, 1, 2, 3, 2, 2, 3, 2, 2, 3, 2, 1, 2, 1, 2, 2, 1, 1, 3, 2, 1, 2, 2, 2, 3, 2, 2, 2, 2, 1, 2, 2, 1, 1, 2, 2, 2, 2, 3, 3, 2, 2, 2, 2, 2, 1, 1, 2, 2, 1, 1, 2, 2, 3, 4, 2, 2, 3, 1, 2, 2, 3, 3, 3, 3, 3, 2, 1, 2, 3, 2, 1, 1, 2, 2, 3, 1, 3]
Peer 4 has an average response time of 1.85. Deltas: [2, 2, 2, 2, 1, 2, 1, 3, 2, 2, 2, 3, 1, 1, 1, 1, 2, 1, 1, 3, 1, 3, 1, 1, 1, 3, 1, 2, 2, 2, 2, 2, 1, 3, 2, 2, 2, 1, 2, 2, 2, 2, 2, 1, 2, 2, 3, 1, 2, 2, 1, 2, 3, 2, 2, 2, 1, 1, 1, 2, 2, 2, 1, 3, 2, 1, 2, 2, 3, 2, 2, 2, 2, 4, 2, 2, 1, 2, 1, 2, 1, 1, 2, 1, 2, 3, 2, 3, 2, 3, 2, 3, 1, 2, 2, 1, 2, 2, 2, 1]
Peer 0 has an average response time of 1.42. Deltas: [2, 2, 2, 1, 2, 2, 1, 2, 3, 1, 2, 1, 1, 2, 2, 1, 1, 1, 1, 2, 2, 1, 2, 2, 1, 1, 2, 1, 1, 1, 1, 1, 1, 2, 2, 1, 2, 2, 1, 1, 1, 1, 1, 1, 1, 2, 1, 1, 2, 1, 0, 1, 1, 1, 2, 2, 2, 2, 1, 1, 2, 1, 3, 1, 1, 1, 1, 1, 2, 1, 2, 0, 2, 1, 1, 1, 1, 0, 1, 1, 1, 2, 1, 3, 1, 2, 1, 1, 1, 1, 2, 2, 2, 2, 1, 1, 3, 2, 3, 1]
Peer 2 has an average response time of 1.62. Deltas: [2, 2, 3, 3, 2, 2, 1, 1, 3, 1, 1, 2, 0, 2, 1, 1, 2, 1, 2, 0, 1, 1, 3, 2, 3, 1, 2, 2, 1, 1, 2, 1, 2, 2, 3, 2, 1, 1, 1, 1, 2, 2, 2, 2, 3, 2, 2, 0, 2, 2, 2, 1, 2, 2, 1, 2, 2, 2, 1, 2, 1, 1, 2, 1, 1, 1, 3, 1, 2, 2, 1, 2, 2, 2, 3, 1, 1, 2, 2, 2, 0, 1, 1, 2, 1, 1, 3, 2, 3, 0, 1, 2, 2, 1, 2, 1, 2, 1, 1, 1]

1.828

### 200 ms crash period

Peer 8 has an average response time of 2.67. Deltas: [6, 3, 4, 4, 4, 3, 4, 2, 3, 2, 3, 4, 4, 3, 3, 5, 3, 4, 1, 3, 2, 2, 3, 4, 4, 3, 3, 2, 3, 2, 2, 3, 2, 2, 1, 2, 4, 4, 1, 3, 2, 2, 3, 1, 2, 3, 3, 2, 5, 2, 1, 2, 3, 3, 4, 3, 11, 5, 1, 2, 1, 1, 1, 1, 2, 3, 2, 3, 2, 3, 3, 2, 2, 1, 2, 1, 1, 3, 2, 4, 1, 2, 3, 2, 2, 3, 2, 2, 2, 1, 2, 2, 0, 3, 4, 3, 3, 4, 3, 3]
Peer 2 has an average response time of 2.85. Deltas: [4, 3, 3, 4, 2, 4, 2, 3, 3, 3, 2, 4, 2, 5, 2, 2, 3, 2, 4, 2, 3, 3, 3, 2, 1, 3, 1, 3, 2, 2, 2, 3, 1, 1, 16, 1, 2, 3, 3, 3, 1, 3, 1, 3, 1, 2, 3, 3, 2, 4, 2, 3, 1, 2, 2, 2, 2, 2, 3, 3, 1, 2, 33, 2, 2, 1, 3, 2, 1, 1, 2, 1, 2, 2, 1, 2, 3, 2, 7, 2, 3, 3, 4, 3, 2, 2, 3, 3, 2, 4, 1, 3, 2, 2, 3, 1, 2, 2, 4, 2]
Peer 0 has an average response time of 2.75. Deltas: [4, 5, 3, 4, 3, 5, 3, 1, 4, 3, 2, 6, 4, 2, 3, 3, 1, 1, 5, 2, 3, 5, 2, 3, 4, 2, 2, 2, 3, 4, 2, 2, 1, 3, 1, 2, 4, 2, 2, 2, 2, 2, 3, 1, 2, 4, 1, 2, 2, 2, 4, 2, 2, 3, 2, 5, 2, 3, 3, 2, 2, 3, 3, 3, 2, 2, 3, 4, 1, 2, 3, 1, 3, 3, 2, 2, 3, 3, 4, 3, 3, 5, 2, 4, 3, 2, 2, 3, 3, 4, 2, 2, 3, 5, 3, 3, 2, 2, 3, 3]
Peer 6 has an average response time of 2.43. Deltas: [3, 4, 2, 3, 4, 3, 3, 2, 4, 3, 2, 2, 2, 3, 2, 2, 3, 3, 2, 3, 2, 4, 1, 3, 4, 2, 1, 3, 4, 2, 2, 2, 2, 2, 1, 3, 1, 1, 3, 2, 3, 3, 1, 1, 3, 2, 2, 2, 3, 3, 4, 2, 2, 3, 2, 4, 2, 3, 4, 2, 3, 2, 2, 2, 7, 1, 2, 3, 2, 2, 2, 2, 2, 1, 4, 2, 6, 2, 1, 3, 3, 3, 2, 3, 1, 2, 2, 1, 2, 4, 3, 2, 3, 2, 1, 3, 1, 1, 1, 1]
Peer 8 has an average response time of 2.65. Deltas: [3, 2, 3, 4, 3, 3, 3, 4, 3, 1, 3, 4, 4, 6, 2, 3, 2, 5, 3, 3, 2, 3, 3, 2, 7, 3, 2, 2, 3, 4, 3, 1, 3, 4, 1, 4, 4, 3, 1, 1, 3, 2, 2, 2, 2, 2, 1, 2, 4, 3, 2, 1, 1, 2, 3, 2, 2, 3, 2, 3, 2, 1, 2, 2, 15, 3, 3, 3, 2, 2, 2, 3, 1, 2, 4, 1, 3, 1, 2, 1, 3, 2, 2, 2, 2, 2, 3, 2, 2, 2, 3, 2, 3, 2, 2, 2, 2, 3, 3, 2]
Peer 4 has an average response time of 2.7. Deltas: [5, 7, 2, 2, 3, 2, 2, 5, 1, 3, 3, 4, 8, 2, 2, 7, 3, 1, 2, 1, 3, 2, 1, 1, 3, 1, 3, 1, 2, 2, 2, 6, 3, 2, 2, 2, 3, 3, 1, 2, 2, 3, 2, 2, 1, 2, 1, 4, 1, 4, 3, 3, 6, 3, 2, 2, 16, 2, 4, 1, 5, 1, 4, 2, 4, 1, 3, 4, 3, 1, 3, 1, 2, 2, 3, 1, 8, 1, 2, 3, 5, 1, 3, 2, 2, 1, 2, 1, 3, 2, 2, 1, 2, 2, 2, 2, 3, 1, 2, 3]
Peer 2 has an average response time of 2.19. Deltas: [4, 2, 2, 1, 2, 2, 3, 3, 3, 3, 1, 3, 2, 3, 1, 6, 2, 2, 1, 3, 6, 2, 2, 2, 2, 2, 1, 1, 2, 2, 4, 2, 3, 3, 2, 2, 2, 2, 2, 2, 1, 2, 3, 1, 3, 1, 2, 1, 5, 1, 3, 2, 3, 2, 2, 2, 3, 2, 3, 1, 4, 2, 2, 1, 2, 2, 1, 1, 2, 1, 2, 1, 3, 2, 2, 2, 3, 2, 2, 3, 2, 2, 2, 2, 2, 3, 2, 2, 3, 2, 1, 2, 2, 2, 3, 2, 2, 1, 1, 3]
Peer 0 has an average response time of 2.46. Deltas: [3, 4, 3, 5, 2, 2, 6, 3, 1, 2, 3, 2, 6, 4, 3, 3, 2, 3, 2, 2, 3, 4, 3, 2, 2, 2, 5, 5, 2, 1, 2, 2, 2, 2, 2, 2, 3, 3, 2, 3, 3, 2, 4, 2, 3, 2, 2, 2, 2, 2, 1, 3, 2, 2, 2, 3, 2, 3, 3, 2, 2, 2, 3, 3, 2, 1, 1, 3, 2, 2, 2, 2, 1, 2, 2, 2, 2, 2, 4, 1, 2, 2, 2, 2, 3, 1, 1, 2, 3, 2, 2, 2, 3, 3, 1, 4, 3, 2, 3, 2]
Peer 8 has an average response time of 1.97. Deltas: [2, 1, 1, 2, 3, 2, 2, 1, 2, 1, 3, 2, 2, 2, 2, 2, 2, 1, 2, 1, 2, 1, 2, 1, 2, 3, 3, 2, 1, 3, 2, 3, 2, 2, 3, 2, 3, 2, 3, 3, 2, 1, 2, 3, 1, 3, 1, 2, 2, 2, 2, 2, 2, 1, 3, 1, 3, 1, 3, 2, 3, 2, 3, 2, 1, 3, 3, 3, 1, 2, 3, 3, 2, 2, 2, 1, 2, 1, 1, 1, 2, 2, 2, 2, 2, 2, 1, 2, 3, 2, 2, 2, 1, 2, 2, 2, 1, 2, 1, 1]
Peer 2 has an average response time of 1.89. Deltas: [3, 1, 2, 2, 3, 2, 1, 2, 1, 2, 1, 2, 3, 3, 2, 2, 2, 3, 1, 2, 1, 2, 2, 2, 1, 1, 3, 3, 3, 2, 2, 2, 2, 1, 1, 2, 1, 2, 1, 3, 2, 1, 2, 1, 1, 2, 2, 1, 2, 2, 2, 2, 3, 3, 1, 3, 2, 2, 2, 3, 3, 3, 1, 3, 2, 2, 1, 3, 1, 3, 1, 2, 3, 2, 1, 2, 2, 2, 2, 3, 2, 2, 2, 2, 1, 1, 1, 2, 2, 2, 2, 1, 2, 1, 2, 1, 1, 1, 2, 1]

2.456

### 300 ms crash period

Peer 6 has an average response time of 2.59. Deltas: [6, 8, 4, 4, 6, 2, 2, 3, 4, 3, 4, 1, 2, 4, 4, 4, 3, 2, 2, 3, 2, 3, 2, 3, 4, 3, 3, 3, 3, 3, 4, 3, 3, 3, 2, 3, 2, 3, 3, 2, 2, 3, 2, 3, 2, 2, 2, 3, 3, 2, 1, 2, 2, 2, 4, 2, 3, 3, 1, 2, 2, 2, 3, 1, 2, 4, 2, 1, 2, 2, 1, 3, 2, 2, 1, 1, 1, 4, 2, 2, 3, 2, 2, 2, 1, 1, 3, 2, 2, 3, 2, 2, 2, 2, 4, 2, 2, 2, 3, 3]
Peer 4 has an average response time of 2.31. Deltas: [7, 3, 3, 6, 3, 2, 3, 1, 4, 4, 1, 3, 2, 1, 2, 3, 4, 3, 1, 2, 3, 2, 3, 3, 2, 2, 3, 2, 3, 2, 3, 3, 3, 3, 2, 2, 2, 2, 2, 2, 3, 3, 2, 2, 4, 2, 2, 2, 2, 1, 4, 4, 2, 0, 2, 2, 1, 2, 2, 3, 2, 1, 2, 3, 2, 1, 2, 1, 2, 2, 1, 2, 2, 2, 2, 1, 2, 1, 2, 1, 2, 2, 2, 2, 3, 2, 2, 3, 3, 1, 2, 3, 2, 2, 4, 2, 1, 3, 2, 2]
Peer 2 has an average response time of 3.27. Deltas: [8, 3, 7, 5, 5, 6, 3, 7, 5, 4, 4, 4, 5, 5, 3, 3, 4, 3, 5, 5, 3, 3, 4, 4, 4, 2, 3, 3, 3, 2, 4, 3, 3, 3, 2, 4, 4, 3, 4, 2, 3, 2, 2, 1, 8, 2, 4, 3, 3, 3, 2, 3, 5, 2, 3, 1, 1, 4, 1, 4, 18, 1, 1, 4, 4, 3, 1, 3, 2, 2, 2, 2, 2, 3, 3, 2, 1, 3, 4, 3, 3, 2, 3, 2, 3, 2, 4, 2, 2, 2, 2, 3, 1, 2, 3, 3, 3, 2, 2, 3]
Peer 8 has an average response time of 2.82. Deltas: [5, 4, 5, 3, 5, 3, 6, 4, 6, 2, 5, 3, 4, 3, 1, 5, 3, 1, 4, 3, 3, 2, 2, 3, 3, 3, 4, 3, 4, 1, 1, 3, 2, 2, 2, 2, 1, 2, 2, 3, 2, 3, 2, 5, 2, 3, 3, 5, 2, 1, 5, 6, 3, 3, 2, 2, 3, 3, 2, 3, 2, 4, 2, 2, 3, 3, 3, 2, 3, 3, 2, 3, 2, 3, 3, 3, 2, 2, 3, 2, 2, 2, 1, 3, 3, 2, 2, 2, 2, 2, 3, 3, 2, 3, 3, 3, 3, 1, 3, 2]
Peer 0 has an average response time of 2.24. Deltas: [5, 4, 5, 5, 3, 4, 4, 3, 3, 3, 2, 2, 2, 3, 2, 3, 2, 3, 3, 2, 3, 3, 3, 2, 3, 2, 2, 1, 1, 2, 2, 2, 3, 3, 2, 1, 2, 2, 2, 1, 1, 1, 1, 2, 3, 1, 2, 3, 1, 3, 2, 1, 2, 3, 2, 3, 1, 2, 2, 3, 2, 2, 2, 1, 1, 2, 2, 2, 1, 2, 3, 1, 2, 2, 1, 2, 3, 3, 2, 2, 3, 2, 2, 1, 2, 1, 2, 2, 3, 2, 2, 2, 2, 3, 2, 2, 3, 2, 2, 2]
Peer 6 has an average response time of 2.26. Deltas: [3, 4, 2, 1, 2, 3, 2, 3, 3, 1, 3, 3, 3, 2, 1, 2, 3, 3, 1, 4, 2, 2, 2, 3, 1, 3, 2, 1, 3, 2, 2, 2, 1, 2, 2, 2, 2, 2, 2, 2, 3, 2, 2, 1, 2, 2, 2, 3, 3, 3, 2, 2, 2, 4, 2, 4, 2, 2, 2, 3, 2, 2, 2, 2, 3, 1, 2, 2, 2, 2, 2, 2, 2, 5, 4, 1, 2, 2, 2, 2, 2, 3, 3, 2, 2, 2, 1, 2, 4, 1, 3, 3, 4, 1, 3, 2, 1, 3, 2, 1]
Peer 4 has an average response time of 1.89. Deltas: [3, 1, 2, 2, 2, 1, 2, 3, 3, 1, 2, 2, 2, 2, 2, 3, 1, 3, 2, 1, 1, 3, 1, 1, 2, 2, 2, 2, 2, 2, 2, 2, 2, 2, 1, 0, 3, 2, 2, 1, 1, 3, 2, 3, 2, 4, 2, 2, 1, 2, 1, 3, 1, 3, 3, 1, 2, 3, 3, 2, 2, 1, 1, 1, 2, 3, 2, 2, 1, 2, 2, 1, 3, 3, 2, 3, 2, 2, 2, 1, 1, 3, 2, 1, 2, 1, 1, 2, 3, 1, 1, 2, 2, 1, 1, 2, 1, 2, 1, 2]
Peer 2 has an average response time of 2.39. Deltas: [3, 3, 2, 3, 3, 2, 3, 2, 2, 3, 3, 2, 3, 2, 2, 4, 3, 1, 3, 1, 3, 4, 2, 3, 2, 3, 3, 3, 3, 2, 2, 3, 2, 3, 3, 2, 4, 3, 4, 1, 3, 1, 2, 1, 2, 2, 2, 2, 3, 2, 3, 2, 2, 4, 1, 2, 4, 1, 2, 2, 2, 2, 1, 2, 3, 4, 1, 2, 2, 2, 1, 3, 1, 3, 3, 3, 3, 2, 1, 1, 2, 4, 2, 3, 2, 2, 2, 4, 3, 2, 2, 1, 1, 3, 3, 3, 3, 2, 3, 2]
Peer 0 has an average response time of 2.05. Deltas: [2, 1, 2, 2, 3, 2, 1, 1, 2, 3, 3, 2, 1, 1, 3, 2, 2, 2, 1, 3, 1, 3, 2, 2, 2, 1, 2, 3, 1, 2, 3, 2, 3, 3, 2, 1, 1, 2, 2, 2, 2, 2, 3, 1, 3, 2, 2, 2, 2, 1, 3, 2, 1, 2, 2, 2, 1, 4, 2, 2, 1, 2, 2, 3, 2, 2, 3, 1, 2, 1, 3, 1, 3, 3, 3, 1, 2, 3, 3, 3, 3, 1, 2, 2, 2, 3, 1, 2, 2, 3, 2, 2, 2, 3, 3, 1, 2, 1, 1, 3]
Peer 10 has an average response time of 2.55. Deltas: [11, 4, 4, 2, 3, 6, 4, 3, 4, 3, 2, 4, 3, 2, 2, 2, 2, 3, 2, 2, 2, 1, 4, 3, 3, 2, 1, 1, 2, 2, 3, 3, 2, 3, 2, 3, 3, 2, 1, 4, 1, 2, 4, 4, 4, 2, 2, 4, 3, 1, 3, 1, 2, 2, 2, 3, 3, 2, 2, 3, 1, 4, 1, 4, 2, 1, 3, 4, 3, 2, 3, 2, 2, 2, 2, 3, 2, 3, 2, 2, 2, 1, 2, 3, 2, 1, 2, 2, 2, 1, 1, 3, 3, 3, 1, 2, 3, 3, 3, 2]

2.437

### 400 ms crash period

Peer 4 has an average response time of 2.87. Deltas: [7, 4, 5, 2, 4, 3, 6, 3, 3, 4, 5, 2, 3, 5, 4, 3, 3, 3, 1, 4, 4, 3, 6, 2, 4, 3, 5, 3, 3, 3, 3, 1, 2, 3, 3, 2, 3, 3, 3, 2, 4, 2, 3, 3, 2, 2, 2, 2, 3, 2, 2, 2, 1, 1, 3, 2, 3, 1, 1, 4, 4, 2, 3, 5, 2, 3, 3, 2, 2, 2, 3, 2, 2, 4, 2, 2, 2, 2, 3, 6, 1, 2, 2, 4, 3, 4, 2, 2, 3, 2, 2, 3, 3, 3, 3, 3, 2, 3, 3, 1]
Peer 0 has an average response time of 3.21. Deltas: [7, 9, 4, 4, 3, 2, 4, 3, 4, 4, 5, 6, 6, 3, 3, 3, 4, 4, 4, 2, 2, 2, 6, 9, 5, 3, 4, 4, 6, 2, 2, 4, 4, 3, 2, 4, 4, 3, 3, 2, 1, 2, 1, 4, 3, 3, 2, 3, 3, 3, 4, 3, 4, 3, 2, 3, 3, 2, 5, 3, 2, 1, 3, 4, 2, 2, 2, 2, 2, 3, 3, 1, 3, 1, 3, 3, 2, 3, 3, 3, 3, 2, 3, 3, 4, 2, 1, 3, 4, 3, 2, 3, 3, 3, 2, 5, 3, 2, 3, 4]
Peer 2 has an average response time of 3.52. Deltas: [9, 7, 4, 5, 3, 7, 5, 3, 4, 10, 2, 5, 5, 4, 4, 2, 4, 9, 35, 3, 4, 3, 1, 4, 4, 4, 4, 3, 2, 3, 3, 6, 4, 1, 5, 2, 2, 3, 2, 2, 4, 2, 4, 4, 3, 3, 3, 2, 3, 3, 3, 3, 3, 2, 4, 4, 4, 2, 2, 3, 2, 2, 3, 2, 1, 3, 3, 3, 2, 2, 1, 2, 2, 3, 3, 2, 3, 3, 3, 3, 2, 2, 2, 2, 1, 2, 3, 3, 4, 3, 3, 3, 3, 3, 2, 2, 2, 4, 3, 2]
Peer 8 has an average response time of 2.54. Deltas: [8, 4, 5, 5, 3, 1, 4, 3, 4, 2, 4, 2, 3, 4, 4, 4, 2, 4, 2, 4, 4, 3, 2, 4, 3, 2, 3, 4, 2, 4, 2, 3, 3, 2, 2, 2, 2, 2, 2, 3, 2, 4, 5, 3, 3, 1, 2, 1, 1, 2, 2, 1, 2, 1, 2, 2, 1, 3, 2, 2, 3, 2, 3, 2, 2, 3, 3, 2, 3, 2, 4, 3, 1, 2, 0, 4, 1, 1, 1, 1, 2, 3, 2, 1, 4, 2, 2, 3, 2, 2, 2, 2, 2, 2, 3, 2, 2, 2, 1, 2]
Peer 6 has an average response time of 2.2. Deltas: [6, 3, 2, 2, 2, 5, 1, 4, 2, 2, 4, 2, 3, 4, 3, 5, 2, 3, 3, 3, 3, 3, 1, 2, 3, 3, 3, 2, 2, 1, 1, 1, 2, 1, 2, 2, 2, 2, 2, 1, 2, 2, 1, 3, 2, 2, 3, 2, 2, 2, 4, 1, 2, 1, 1, 2, 1, 3, 3, 1, 1, 1, 5, 2, 2, 3, 2, 1, 1, 2, 2, 2, 2, 2, 2, 2, 3, 1, 3, 2, 4, 2, 3, 3, 1, 1, 1, 2, 3, 2, 3, 2, 2, 1, 2, 1, 2, 1, 1, 2]
Peer 10 has an average response time of 2.81. Deltas: [8, 4, 6, 2, 8, 9, 2, 2, 2, 3, 3, 3, 3, 7, 2, 4, 2, 2, 2, 3, 1, 1, 5, 2, 1, 2, 3, 3, 3, 1, 2, 4, 3, 2, 1, 1, 2, 2, 1, 2, 4, 3, 1, 3, 2, 2, 2, 3, 4, 3, 3, 3, 2, 2, 2, 1, 4, 3, 2, 3, 3, 3, 2, 3, 3, 3, 3, 2, 1, 4, 1, 2, 2, 1, 5, 4, 2, 2, 3, 2, 3, 3, 2, 2, 4, 3, 2, 2, 2, 2, 6, 3, 4, 1, 4, 3, 4, 2, 3, 4]
Peer 4 has an average response time of 2.54. Deltas: [2, 2, 3, 3, 2, 2, 2, 3, 1, 3, 1, 3, 2, 3, 3, 1, 3, 5, 2, 2, 3, 3, 2, 3, 3, 3, 3, 3, 3, 2, 3, 4, 3, 2, 3, 1, 2, 3, 2, 3, 2, 3, 7, 3, 3, 3, 3, 2, 2, 2, 2, 3, 3, 2, 3, 4, 3, 2, 1, 2, 2, 2, 3, 3, 2, 2, 3, 2, 3, 2, 3, 2, 3, 2, 3, 3, 3, 3, 2, 3, 3, 3, 3, 2, 2, 2, 3, 2, 2, 2, 2, 2, 2, 3, 3, 2, 2, 3, 2, 1]
Peer 0 has an average response time of 2.57. Deltas: [3, 2, 2, 2, 1, 2, 1, 2, 3, 3, 1, 3, 3, 2, 4, 2, 1, 2, 2, 4, 4, 3, 3, 2, 2, 4, 3, 3, 3, 3, 2, 2, 1, 3, 2, 2, 2, 4, 3, 2, 2, 3, 3, 2, 2, 3, 3, 3, 2, 3, 4, 3, 3, 3, 2, 3, 2, 2, 2, 3, 2, 2, 2, 3, 3, 3, 4, 2, 1, 3, 2, 3, 3, 3, 4, 3, 3, 3, 3, 2, 3, 3, 3, 2, 2, 3, 2, 3, 2, 2, 3, 1, 3, 3, 3, 4, 3, 2, 3, 2]
Peer 6 has an average response time of 2.34. Deltas: [3, 2, 2, 2, 2, 2, 3, 2, 4, 1, 3, 3, 3, 2, 2, 2, 3, 2, 1, 3, 2, 2, 2, 1, 1, 2, 2, 2, 2, 2, 1, 2, 2, 3, 3, 3, 3, 2, 3, 2, 3, 3, 2, 3, 3, 1, 3, 4, 2, 3, 2, 3, 2, 3, 2, 2, 3, 2, 2, 3, 3, 3, 3, 3, 3, 2, 3, 1, 3, 3, 1, 2, 4, 3, 2, 3, 3, 3, 2, 3, 1, 2, 4, 2, 2, 2, 1, 3, 2, 2, 2, 2, 2, 3, 1, 2, 2, 2, 2, 2]
Peer 8 has an average response time of 2.32. Deltas: [2, 3, 4, 2, 2, 2, 2, 2, 3, 2, 1, 3, 2, 1, 3, 3, 2, 2, 2, 2, 1, 1, 1, 2, 2, 1, 4, 2, 3, 2, 2, 3, 1, 2, 3, 3, 2, 3, 3, 2, 3, 1, 2, 2, 2, 1, 3, 3, 7, 2, 3, 3, 2, 3, 2, 1, 2, 2, 2, 2, 1, 3, 3, 2, 2, 3, 2, 2, 3, 3, 3, 2, 2, 3, 2, 2, 3, 2, 1, 2, 1, 2, 3, 2, 3, 2, 4, 2, 2, 3, 3, 3, 1, 3, 2, 3, 3, 3, 3, 2]

2.692

### 500 ms crash period

Peer 8 has an average response time of 3.71. Deltas: [5, 4, 5, 8, 8, 4, 3, 4, 4, 6, 4, 4, 5, 5, 4, 4, 3, 4, 3, 3, 3, 4, 4, 4, 4, 5, 5, 6, 6, 6, 1, 2, 5, 3, 6, 4, 4, 2, 4, 5, 3, 5, 5, 4, 4, 5, 4, 4, 5, 4, 5, 6, 6, 3, 4, 3, 2, 2, 4, 5, 3, 2, 3, 4, 4, 4, 1, 3, 3, 3, 3, 3, 2, 3, 4, 3, 2, 3, 9, 3, 3, 2, 2, 4, 2, 2, 2, 3, 2, 2, 4, 2, 2, 3, 2, 2, 2, 3, 3, 3]
Peer 4 has an average response time of 3.65. Deltas: [7, 4, 2, 5, 5, 3, 4, 5, 3, 4, 4, 6, 7, 3, 3, 3, 6, 5, 4, 5, 15, 4, 3, 5, 5, 8, 6, 3, 6, 4, 6, 4, 4, 4, 2, 3, 4, 2, 3, 4, 3, 4, 5, 3, 4, 5, 2, 3, 5, 6, 5, 5, 4, 2, 3, 2, 2, 3, 3, 6, 1, 3, 3, 1, 6, 4, 2, 2, 3, 4, 3, 3, 2, 3, 4, 3, 2, 2, 2, 3, 3, 2, 1, 3, 2, 3, 1, 3, 3, 4, 3, 4, 3, 2, 2, 2, 3, 2, 3, 2]
Peer 2 has an average response time of 2.2. Deltas: [6, 5, 2, 2, 6, 3, 5, 4, 4, 2, 4, 3, 2, 3, 3, 3, 2, 1, 2, 2, 2, 3, 3, 4, 3, 2, 3, 1, 2, 2, 1, 3, 2, 1, 2, 1, 2, 2, 2, 1, 2, 2, 1, 2, 2, 1, 3, 2, 3, 2, 2, 1, 2, 2, 1, 2, 2, 2, 3, 3, 2, 1, 2, 1, 2, 3, 3, 1, 1, 1, 1, 2, 2, 2, 3, 2, 1, 3, 2, 2, 1, 2, 2, 2, 2, 2, 2, 2, 2, 2, 3, 2, 2, 1, 1, 2, 3, 2, 1, 1]
Peer 0 has an average response time of 1.88. Deltas: [6, 4, 3, 3, 2, 2, 3, 2, 3, 3, 3, 2, 2, 3, 3, 3, 2, 1, 1, 2, 2, 3, 1, 2, 1, 3, 2, 2, 3, 2, 3, 1, 2, 2, 1, 1, 2, 1, 2, 1, 3, 2, 1, 2, 1, 2, 2, 1, 1, 1, 2, 2, 2, 1, 2, 2, 3, 1, 2, 2, 1, 3, 1, 2, 1, 2, 1, 3, 1, 1, 2, 1, 1, 1, 2, 0, 2, 1, 2, 2, 1, 1, 1, 1, 3, 2, 3, 3, 1, 2, 2, 2, 1, 2, 1, 1, 2, 2, 1, 1]
Peer 10 has an average response time of 2.83. Deltas: [5, 3, 3, 4, 6, 5, 1, 5, 3, 4, 2, 4, 3, 2, 5, 7, 3, 3, 5, 2, 3, 4, 3, 3, 3, 6, 2, 2, 1, 3, 5, 3, 3, 5, 4, 2, 3, 6, 4, 3, 2, 2, 2, 2, 3, 3, 3, 2, 3, 3, 3, 3, 3, 4, 2, 4, 1, 2, 2, 3, 1, 2, 2, 3, 2, 2, 1, 2, 2, 3, 3, 4, 2, 2, 2, 2, 3, 3, 2, 2, 3, 3, 2, 2, 3, 2, 2, 1, 2, 3, 3, 3, 1, 1, 3, 2, 2, 1, 2, 2]
Peer 6 has an average response time of 2.17. Deltas: [8, 3, 2, 3, 3, 3, 2, 2, 2, 2, 3, 3, 1, 3, 3, 2, 2, 2, 2, 2, 2, 2, 2, 2, 1, 3, 2, 2, 2, 2, 2, 1, 2, 2, 3, 2, 2, 3, 2, 1, 2, 1, 2, 2, 2, 3, 2, 2, 2, 2, 2, 2, 2, 2, 2, 1, 2, 3, 3, 1, 2, 2, 3, 1, 2, 10, 2, 1, 1, 3, 2, 2, 3, 1, 2, 2, 1, 2, 3, 2, 2, 1, 2, 2, 2, 2, 1, 1, 2, 2, 3, 3, 1, 2, 1, 2, 2, 2, 2, 2]
Peer 8 has an average response time of 2.66. Deltas: [3, 2, 2, 3, 3, 4, 3, 2, 3, 2, 2, 2, 2, 1, 3, 6, 3, 3, 4, 1, 2, 3, 3, 1, 3, 5, 4, 2, 2, 3, 1, 2, 2, 2, 1, 2, 4, 4, 2, 2, 3, 3, 2, 2, 2, 6, 3, 4, 3, 4, 3, 3, 3, 3, 2, 2, 3, 4, 2, 2, 2, 1, 4, 2, 2, 2, 3, 3, 3, 3, 2, 3, 4, 3, 3, 3, 2, 2, 2, 2, 2, 2, 4, 2, 3, 5, 3, 3, 3, 2, 3, 2, 3, 1, 2, 2, 3, 2, 3, 2]
Peer 4 has an average response time of 2.71. Deltas: [3, 3, 3, 4, 1, 3, 3, 2, 2, 1, 3, 1, 2, 2, 4, 4, 2, 4, 2, 1, 11, 3, 3, 3, 4, 3, 4, 1, 4, 4, 2, 2, 2, 2, 2, 2, 2, 2, 3, 3, 2, 3, 4, 1, 1, 3, 4, 4, 2, 3, 3, 3, 2, 4, 3, 3, 2, 2, 2, 3, 1, 2, 2, 1, 1, 2, 2, 2, 2, 9, 1, 4, 3, 3, 4, 1, 2, 4, 2, 3, 3, 2, 2, 3, 2, 4, 3, 2, 4, 2, 3, 4, 3, 2, 3, 1, 2, 2, 5, 2]
Peer 2 has an average response time of 1.89. Deltas: [1, 2, 3, 2, 3, 2, 2, 2, 2, 2, 2, 2, 2, 1, 1, 1, 1, 1, 1, 2, 2, 1, 1, 3, 2, 2, 3, 2, 2, 2, 1, 2, 2, 3, 2, 1, 1, 1, 2, 2, 2, 3, 2, 3, 2, 2, 1, 1, 2, 2, 1, 2, 3, 1, 2, 1, 3, 2, 3, 3, 1, 2, 3, 2, 1, 2, 1, 1, 2, 2, 1, 3, 2, 2, 2, 2, 2, 3, 1, 2, 2, 2, 2, 2, 2, 1, 2, 2, 2, 2, 1, 4, 1, 2, 2, 3, 2, 2, 1, 2]
Peer 8 has an average response time of 2.71. Deltas: [3, 3, 3, 2, 2, 3, 1, 1, 2, 3, 2, 3, 2, 2, 3, 3, 2, 2, 1, 3, 3, 3, 3, 4, 4, 4, 2, 3, 3, 3, 4, 2, 3, 3, 2, 2, 3, 4, 2, 3, 3, 2, 3, 2, 3, 2, 2, 3, 2, 4, 3, 2, 2, 7, 2, 2, 2, 3, 3, 3, 3, 4, 3, 3, 3, 3, 2, 2, 3, 3, 4, 3, 3, 2, 3, 4, 3, 2, 3, 3, 3, 2, 3, 2, 3, 2, 1, 4, 2, 3, 3, 3, 2, 3, 2, 2, 2, 2, 3, 4]

2.641

### 600 ms crash period

Peer 8 has an average response time of 3.03. Deltas: [8, 6, 3, 5, 3, 5, 4, 3, 3, 5, 2, 2, 5, 3, 5, 3, 4, 3, 2, 2, 2, 3, 3, 3, 2, 4, 3, 2, 2, 3, 3, 5, 4, 3, 1, 4, 4, 3, 3, 4, 2, 3, 4, 3, 4, 4, 3, 2, 2, 3, 2, 3, 5, 4, 3, 2, 2, 5, 3, 3, 2, 4, 3, 3, 2, 5, 4, 2, 2, 2, 1, 3, 2, 2, 2, 3, 2, 3, 3, 3, 3, 2, 2, 2, 2, 4, 2, 5, 3, 2, 1, 3, 2, 2, 2, 2, 3, 3, 2, 4]
Peer 2 has an average response time of 2.91. Deltas: [14, 3, 3, 4, 3, 4, 4, 2, 5, 6, 5, 3, 3, 12, 2, 3, 3, 3, 2, 2, 2, 1, 3, 2, 3, 5, 2, 2, 4, 4, 2, 3, 2, 4, 3, 3, 2, 3, 4, 2, 3, 2, 4, 2, 4, 1, 2, 3, 4, 3, 2, 1, 2, 2, 2, 2, 2, 1, 3, 1, 4, 1, 4, 2, 3, 3, 2, 3, 2, 1, 3, 2, 4, 2, 2, 3, 5, 2, 2, 2, 2, 3, 3, 1, 2, 2, 3, 5, 3, 2, 2, 2, 3, 2, 2, 2, 4, 2, 3, 3]
Peer 4 has an average response time of 3.34. Deltas: [12, 8, 5, 7, 3, 6, 8, 4, 5, 2, 4, 3, 3, 3, 3, 3, 5, 3, 3, 5, 6, 3, 4, 4, 3, 3, 2, 3, 2, 3, 3, 4, 5, 4, 2, 3, 7, 4, 6, 4, 4, 4, 2, 2, 2, 3, 3, 1, 5, 2, 4, 4, 3, 2, 2, 3, 3, 1, 4, 2, 1, 2, 2, 3, 3, 3, 3, 3, 2, 2, 3, 3, 3, 4, 2, 2, 3, 2, 1, 3, 4, 3, 4, 4, 3, 2, 2, 3, 3, 3, 2, 3, 4, 2, 2, 1, 2, 4, 3, 4]
Peer 0 has an average response time of 2.35. Deltas: [4, 4, 3, 3, 4, 2, 2, 4, 2, 3, 3, 2, 3, 2, 1, 3, 2, 1, 3, 3, 3, 3, 3, 2, 1, 3, 3, 2, 2, 6, 1, 3, 2, 3, 2, 2, 2, 2, 4, 2, 2, 2, 1, 2, 1, 2, 2, 2, 1, 3, 2, 2, 2, 2, 1, 1, 2, 3, 2, 6, 3, 2, 1, 1, 2, 5, 3, 1, 3, 2, 4, 3, 3, 2, 2, 2, 3, 2, 2, 1, 2, 3, 3, 3, 1, 2, 2, 1, 3, 3, 1, 2, 2, 2, 1, 3, 4, 2, 1, 1]
Peer 6 has an average response time of 3.47. Deltas: [8, 2, 6, 8, 3, 6, 5, 7, 11, 5, 5, 6, 5, 2, 5, 5, 2, 12, 4, 2, 3, 2, 3, 3, 6, 4, 5, 3, 5, 3, 4, 4, 2, 4, 3, 2, 4, 3, 4, 2, 4, 3, 2, 3, 4, 3, 3, 4, 2, 3, 2, 3, 3, 3, 4, 4, 3, 2, 3, 3, 5, 4, 3, 2, 2, 2, 2, 2, 2, 3, 4, 5, 3, 2, 3, 4, 4, 2, 2, 3, 2, 2, 3, 2, 3, 3, 2, 3, 3, 2, 2, 4, 1, 2, 3, 1, 4, 2, 3, 2]
Peer 10 has an average response time of 2.43. Deltas: [5, 2, 5, 3, 4, 3, 3, 3, 3, 2, 3, 4, 2, 1, 4, 2, 3, 2, 1, 2, 4, 2, 2, 2, 2, 1, 3, 2, 3, 2, 3, 1, 2, 2, 3, 2, 3, 3, 1, 3, 3, 2, 3, 2, 2, 3, 3, 1, 3, 3, 1, 2, 3, 4, 2, 3, 3, 2, 2, 2, 3, 2, 2, 2, 3, 3, 2, 2, 3, 3, 1, 2, 1, 3, 2, 3, 4, 2, 2, 2, 1, 2, 2, 4, 2, 3, 1, 1, 4, 1, 2, 3, 2, 2, 3, 3, 2, 2, 1, 3]
Peer 2 has an average response time of 2.28. Deltas: [4, 2, 2, 4, 3, 3, 2, 2, 2, 3, 2, 2, 2, 2, 2, 1, 3, 1, 3, 2, 3, 3, 3, 2, 3, 2, 3, 3, 3, 3, 2, 2, 2, 4, 2, 2, 1, 2, 1, 2, 3, 2, 2, 4, 2, 1, 2, 3, 1, 2, 2, 3, 2, 2, 3, 3, 2, 3, 4, 1, 1, 2, 3, 3, 2, 3, 1, 3, 3, 1, 2, 2, 2, 2, 3, 3, 2, 3, 2, 1, 1, 2, 3, 2, 3, 1, 3, 2, 2, 2, 2, 2, 1, 2, 3, 2, 3, 2, 2, 2]
Peer 8 has an average response time of 2.49. Deltas: [2, 4, 3, 4, 2, 1, 3, 3, 2, 3, 2, 3, 2, 3, 5, 3, 1, 2, 3, 5, 2, 3, 4, 3, 2, 1, 1, 3, 3, 3, 2, 4, 1, 2, 3, 3, 4, 2, 2, 2, 1, 4, 2, 2, 2, 1, 6, 3, 1, 1, 2, 1, 4, 4, 1, 2, 1, 2, 2, 5, 2, 2, 3, 2, 3, 2, 2, 2, 3, 3, 1, 3, 2, 2, 2, 4, 3, 1, 2, 2, 4, 1, 3, 2, 2, 2, 2, 3, 2, 2, 3, 2, 2, 3, 4, 4, 2, 2, 3, 2]
Peer 4 has an average response time of 2.55. Deltas: [2, 4, 3, 4, 3, 3, 3, 2, 2, 3, 2, 1, 2, 4, 3, 3, 3, 3, 3, 4, 3, 3, 2, 3, 3, 4, 3, 2, 2, 1, 2, 3, 3, 3, 3, 3, 5, 2, 2, 2, 3, 3, 2, 2, 3, 2, 2, 3, 2, 3, 1, 2, 2, 2, 2, 2, 2, 2, 2, 1, 2, 1, 2, 3, 2, 2, 2, 2, 3, 2, 3, 2, 2, 4, 3, 3, 3, 3, 4, 2, 3, 2, 3, 2, 2, 2, 4, 2, 2, 2, 3, 2, 3, 3, 1, 2, 4, 2, 4, 3]
Peer 0 has an average response time of 2.07. Deltas: [2, 0, 1, 2, 2, 3, 3, 3, 2, 3, 2, 3, 3, 1, 3, 3, 3, 2, 2, 2, 2, 2, 1, 3, 2, 1, 2, 2, 2, 2, 2, 1, 2, 2, 2, 3, 2, 2, 2, 2, 2, 1, 2, 3, 2, 1, 2, 2, 2, 1, 2, 1, 4, 3, 3, 2, 1, 3, 2, 2, 1, 3, 2, 1, 3, 2, 2, 3, 2, 2, 2, 2, 3, 2, 3, 1, 2, 1, 1, 2, 3, 1, 2, 2, 3, 3, 1, 1, 2, 2, 2, 3, 2, 2, 3, 3, 2, 1, 2, 2]

2.692

### 700 ms crash period

Peer 0 has an average response time of 3.02. Deltas: [6, 4, 3, 2, 4, 4, 4, 3, 2, 2, 3, 3, 8, 5, 3, 4, 7, 6, 6, 3, 2, 3, 5, 3, 4, 2, 2, 4, 6, 2, 3, 3, 3, 3, 3, 3, 4, 1, 3, 2, 1, 6, 3, 1, 2, 3, 2, 3, 3, 3, 4, 2, 3, 2, 2, 3, 1, 3, 4, 3, 4, 3, 2, 4, 1, 1, 3, 1, 1, 2, 3, 3, 3, 3, 1, 3, 1, 3, 4, 2, 3, 1, 4, 3, 4, 4, 3, 3, 2, 2, 3, 3, 1, 3, 3, 3, 3, 2, 4, 3]
Peer 8 has an average response time of 3.06. Deltas: [7, 6, 4, 4, 3, 2, 5, 2, 3, 3, 3, 2, 5, 4, 3, 4, 1, 4, 5, 3, 5, 3, 2, 5, 3, 2, 4, 3, 5, 3, 3, 3, 5, 2, 2, 2, 2, 3, 1, 2, 3, 5, 3, 5, 3, 3, 2, 3, 4, 1, 4, 2, 3, 2, 3, 3, 3, 3, 1, 3, 3, 4, 1, 1, 4, 3, 3, 2, 3, 2, 2, 4, 2, 2, 2, 2, 4, 2, 4, 3, 3, 5, 4, 2, 4, 3, 2, 3, 4, 4, 3, 2, 2, 3, 4, 3, 3, 2, 2, 3]
Peer 2 has an average response time of 2.76. Deltas: [5, 4, 3, 5, 6, 3, 2, 4, 4, 4, 2, 2, 3, 2, 4, 3, 2, 3, 2, 7, 3, 3, 4, 3, 3, 3, 2, 2, 3, 3, 2, 3, 4, 1, 2, 2, 3, 3, 4, 3, 2, 1, 3, 4, 3, 3, 5, 2, 2, 4, 1, 4, 3, 2, 2, 4, 2, 4, 2, 1, 2, 5, 1, 2, 3, 4, 2, 3, 3, 2, 2, 2, 2, 2, 3, 2, 2, 1, 4, 2, 4, 2, 2, 2, 2, 3, 3, 3, 2, 2, 3, 3, 2, 2, 1, 3, 2, 2, 2, 2]
Peer 4 has an average response time of 3.09. Deltas: [7, 6, 3, 2, 2, 1, 2, 5, 5, 4, 1, 3, 3, 3, 3, 3, 4, 3, 3, 7, 3, 3, 2, 5, 4, 3, 3, 3, 3, 2, 3, 3, 2, 2, 2, 6, 6, 2, 3, 3, 2, 2, 4, 2, 3, 3, 3, 2, 8, 3, 3, 2, 2, 4, 3, 3, 4, 3, 2, 3, 3, 2, 4, 3, 4, 4, 2, 3, 3, 1, 3, 4, 2, 2, 7, 3, 3, 4, 3, 2, 3, 1, 1, 3, 3, 2, 3, 2, 3, 4, 3, 3, 1, 3, 4, 2, 3, 3, 3, 3]
Peer 6 has an average response time of 3.49. Deltas: [6, 4, 3, 1, 6, 3, 4, 5, 4, 3, 6, 6, 3, 5, 3, 4, 7, 5, 7, 2, 4, 4, 1, 3, 3, 5, 4, 4, 4, 4, 2, 3, 2, 8, 3, 3, 2, 2, 4, 6, 5, 3, 3, 4, 3, 2, 4, 4, 4, 4, 3, 4, 4, 3, 5, 3, 4, 3, 4, 1, 1, 1, 2, 4, 4, 3, 2, 3, 2, 3, 5, 4, 1, 3, 2, 3, 4, 4, 2, 3, 3, 4, 4, 2, 3, 6, 3, 3, 4, 3, 5, 4, 3, 3, 3, 3, 1, 3, 3, 2]
Peer 0 has an average response time of 2.36. Deltas: [2, 2, 2, 2, 3, 2, 3, 3, 4, 2, 2, 4, 1, 2, 3, 4, 4, 2, 3, 3, 2, 1, 3, 1, 3, 2, 1, 2, 4, 3, 2, 2, 1, 4, 3, 2, 3, 2, 1, 2, 3, 2, 4, 3, 3, 2, 1, 1, 2, 3, 2, 2, 3, 2, 3, 3, 3, 2, 2, 4, 2, 2, 2, 2, 2, 2, 2, 2, 3, 1, 3, 3, 2, 2, 1, 2, 2, 2, 2, 1, 1, 4, 2, 2, 2, 2, 2, 3, 3, 2, 2, 2, 3, 3, 2, 4, 2, 3, 2, 3]
Peer 10 has an average response time of 2.95. Deltas: [6, 9, 2, 3, 5, 4, 4, 3, 6, 2, 2, 3, 5, 7, 5, 3, 3, 3, 5, 3, 3, 3, 2, 2, 3, 3, 3, 2, 3, 3, 3, 3, 1, 1, 3, 1, 4, 3, 4, 3, 2, 2, 2, 3, 3, 4, 3, 2, 1, 4, 2, 2, 3, 4, 3, 2, 3, 4, 3, 3, 3, 4, 3, 2, 3, 3, 1, 2, 2, 4, 3, 4, 3, 3, 2, 3, 2, 3, 3, 2, 2, 2, 2, 4, 3, 1, 2, 3, 2, 3, 2, 2, 3, 1, 3, 2, 2, 4, 3, 3]
Peer 4 has an average response time of 2.46. Deltas: [1, 4, 3, 3, 3, 2, 2, 3, 2, 2, 3, 2, 3, 4, 3, 4, 2, 3, 3, 3, 3, 2, 3, 3, 2, 4, 2, 3, 1, 4, 3, 3, 2, 3, 2, 2, 2, 3, 3, 4, 3, 2, 2, 3, 1, 1, 3, 3, 2, 2, 3, 3, 3, 3, 1, 2, 2, 2, 4, 2, 2, 2, 3, 3, 2, 2, 2, 3, 3, 2, 3, 4, 3, 2, 2, 3, 2, 2, 2, 3, 2, 2, 3, 5, 2, 1, 1, 2, 2, 1, 2, 1, 1, 2, 2, 2, 2, 3, 1, 3]
Peer 2 has an average response time of 2.18. Deltas: [4, 3, 2, 3, 2, 2, 4, 2, 2, 2, 2, 2, 4, 2, 4, 3, 3, 3, 1, 2, 3, 2, 4, 3, 2, 3, 2, 2, 3, 2, 2, 3, 1, 1, 1, 1, 2, 2, 1, 3, 2, 2, 2, 3, 2, 1, 2, 2, 2, 2, 3, 3, 1, 2, 1, 3, 2, 2, 1, 2, 2, 2, 1, 2, 2, 2, 2, 2, 1, 3, 2, 2, 5, 2, 2, 2, 2, 4, 2, 2, 3, 1, 3, 1, 1, 2, 2, 2, 1, 1, 3, 2, 3, 2, 1, 3, 1, 2, 3, 2]
Peer 8 has an average response time of 2.51. Deltas: [4, 2, 3, 2, 5, 4, 3, 1, 3, 2, 4, 2, 2, 3, 3, 2, 1, 4, 3, 3, 3, 1, 2, 3, 3, 4, 3, 3, 1, 2, 3, 2, 4, 2, 3, 4, 3, 3, 4, 2, 2, 2, 4, 3, 4, 3, 3, 2, 4, 1, 1, 3, 2, 1, 2, 3, 3, 2, 1, 3, 3, 2, 2, 3, 2, 2, 2, 1, 2, 2, 2, 2, 3, 2, 2, 3, 2, 2, 4, 3, 2, 2, 1, 2, 2, 1, 2, 4, 2, 3, 4, 2, 4, 2, 3, 1, 3, 1, 2, 2]

2.552

### 800 ms crash period

Peer 2 has an average response time of 3.41. Deltas: [9, 4, 4, 4, 6, 3, 4, 5, 3, 6, 5, 3, 4, 4, 3, 4, 5, 4, 5, 4, 2, 3, 4, 2, 3, 3, 6, 4, 4, 3, 2, 3, 3, 2, 4, 4, 5, 4, 12, 5, 4, 3, 3, 4, 5, 4, 2, 4, 4, 2, 3, 2, 3, 2, 2, 2, 4, 2, 6, 2, 4, 4, 2, 2, 3, 2, 2, 4, 6, 3, 5, 3, 2, 3, 2, 2, 3, 3, 2, 4, 3, 1, 3, 3, 2, 2, 2, 3, 3, 2, 2, 4, 4, 2, 2, 2, 3, 3, 2, 2]
Peer 6 has an average response time of 3.14. Deltas: [8, 5, 3, 4, 6, 5, 5, 3, 4, 2, 2, 4, 5, 6, 3, 3, 4, 3, 2, 5, 2, 4, 3, 5, 3, 2, 3, 2, 2, 3, 3, 4, 2, 3, 3, 2, 4, 2, 3, 5, 2, 3, 4, 4, 2, 3, 1, 2, 2, 3, 5, 4, 2, 3, 2, 2, 4, 3, 3, 4, 2, 4, 5, 2, 3, 2, 3, 2, 3, 3, 2, 3, 5, 3, 3, 3, 3, 3, 3, 2, 3, 5, 3, 3, 3, 2, 2, 3, 3, 4, 3, 2, 3, 3, 2, 3, 2, 1, 3, 2]
Peer 4 has an average response time of 3.72. Deltas: [7, 4, 6, 7, 7, 4, 4, 4, 5, 8, 4, 6, 3, 3, 6, 7, 5, 4, 3, 6, 5, 3, 3, 3, 4, 3, 4, 3, 4, 4, 4, 3, 4, 4, 3, 5, 4, 4, 3, 4, 2, 2, 3, 2, 6, 5, 3, 3, 3, 4, 2, 2, 3, 3, 3, 3, 3, 5, 3, 4, 4, 2, 3, 5, 2, 2, 2, 4, 4, 3, 3, 4, 3, 5, 4, 2, 2, 1, 3, 3, 2, 4, 3, 4, 3, 2, 4, 5, 3, 4, 3, 3, 4, 3, 6, 7, 3, 3, 3, 1]
Peer 8 has an average response time of 3.3. Deltas: [6, 8, 3, 5, 6, 5, 2, 3, 6, 4, 8, 4, 5, 5, 6, 7, 3, 3, 4, 1, 3, 5, 5, 3, 1, 5, 7, 3, 3, 2, 3, 3, 4, 2, 2, 3, 5, 2, 6, 3, 2, 3, 3, 2, 3, 4, 2, 2, 3, 4, 2, 2, 3, 3, 3, 2, 2, 5, 6, 3, 3, 4, 2, 4, 2, 3, 4, 2, 1, 4, 2, 3, 3, 3, 5, 1, 2, 3, 2, 3, 2, 2, 3, 3, 2, 2, 2, 2, 3, 3, 2, 2, 3, 3, 2, 5, 2, 3, 3, 2]
Peer 0 has an average response time of 3.15. Deltas: [5, 5, 4, 5, 3, 8, 3, 5, 3, 2, 4, 2, 4, 3, 3, 5, 5, 3, 5, 2, 5, 4, 4, 4, 4, 3, 2, 3, 4, 5, 2, 4, 3, 3, 3, 3, 3, 4, 4, 3, 4, 3, 3, 4, 3, 3, 4, 2, 5, 2, 3, 2, 2, 3, 3, 2, 2, 2, 4, 3, 3, 2, 2, 2, 2, 5, 2, 3, 4, 3, 3, 3, 4, 3, 2, 3, 3, 2, 2, 2, 3, 2, 2, 3, 2, 2, 4, 3, 3, 5, 1, 2, 2, 2, 2, 2, 3, 4, 3, 2]
Peer 4 has an average response time of 2.68. Deltas: [2, 3, 3, 4, 4, 2, 1, 3, 2, 2, 4, 3, 2, 3, 4, 3, 4, 4, 2, 2, 3, 3, 2, 3, 2, 3, 2, 3, 3, 1, 4, 3, 2, 3, 2, 3, 2, 3, 3, 3, 2, 2, 3, 3, 3, 3, 3, 4, 4, 3, 3, 2, 2, 3, 2, 3, 3, 3, 1, 3, 1, 3, 1, 2, 1, 2, 3, 2, 2, 3, 4, 1, 1, 3, 3, 2, 4, 3, 3, 5, 2, 2, 2, 2, 3, 3, 3, 4, 3, 4, 2, 3, 3, 2, 3, 4, 2, 2, 2, 3]
Peer 2 has an average response time of 2.62. Deltas: [3, 3, 4, 2, 3, 3, 3, 1, 2, 3, 3, 4, 4, 2, 3, 2, 6, 3, 3, 2, 3, 3, 3, 2, 3, 3, 2, 1, 2, 3, 2, 3, 3, 4, 3, 3, 3, 3, 2, 4, 3, 2, 1, 2, 3, 4, 1, 3, 3, 2, 1, 3, 3, 3, 3, 3, 3, 1, 3, 3, 2, 3, 3, 2, 2, 2, 2, 2, 2, 2, 1, 2, 3, 2, 3, 3, 2, 2, 3, 3, 4, 3, 2, 2, 3, 1, 3, 2, 3, 2, 2, 2, 3, 2, 3, 7, 2, 2, 1, 3]
Peer 6 has an average response time of 2.62. Deltas: [2, 3, 2, 4, 3, 3, 2, 2, 3, 3, 2, 3, 3, 2, 2, 2, 3, 3, 1, 1, 2, 1, 1, 3, 3, 5, 3, 3, 3, 2, 2, 2, 2, 2, 3, 4, 2, 2, 3, 2, 2, 3, 2, 3, 3, 3, 2, 2, 3, 3, 5, 2, 2, 2, 2, 3, 2, 2, 3, 3, 3, 1, 2, 3, 2, 4, 1, 4, 2, 2, 2, 4, 3, 3, 3, 2, 10, 1, 3, 2, 2, 3, 1, 2, 3, 2, 4, 3, 3, 3, 2, 3, 2, 3, 4, 3, 5, 2, 2, 2]
Peer 8 has an average response time of 2.52. Deltas: [3, 2, 3, 2, 2, 2, 4, 2, 3, 2, 3, 3, 2, 4, 3, 4, 2, 2, 2, 3, 3, 4, 1, 6, 4, 2, 2, 3, 1, 2, 4, 1, 3, 2, 2, 4, 3, 4, 3, 1, 1, 2, 2, 1, 2, 2, 2, 3, 1, 5, 3, 3, 3, 4, 3, 2, 2, 1, 3, 2, 3, 2, 2, 1, 3, 2, 5, 4, 7, 1, 2, 2, 3, 2, 3, 2, 2, 3, 2, 3, 2, 2, 2, 2, 2, 3, 2, 1, 2, 1, 2, 4, 2, 1, 2, 2, 3, 1, 3, 4]
Peer 4 has an average response time of 2.41. Deltas: [3, 1, 3, 3, 2, 2, 2, 3, 3, 3, 3, 2, 2, 3, 3, 2, 1, 2, 3, 1, 3, 3, 2, 3, 2, 2, 2, 3, 2, 4, 3, 2, 3, 2, 3, 1, 2, 2, 1, 4, 3, 2, 4, 5, 2, 2, 1, 2, 1, 4, 4, 4, 2, 1, 2, 2, 4, 3, 3, 2, 2, 2, 2, 2, 2, 2, 2, 3, 2, 2, 1, 2, 2, 2, 2, 2, 2, 4, 3, 2, 2, 4, 3, 2, 3, 2, 3, 2, 2, 2, 2, 3, 1, 2, 2, 2, 3, 3, 3, 3]

2.957